  0.36165828    0.19877916    0.04230151   -0.90675360
  2.19941873    1.04880957   -0.16695864   -0.47470307
 -1.01737278    2.47307559   -0.61521987   -0.66608673
 -2.52867254    1.20320479    0.83745223   -0.50201962
 -0.12489176   -0.23512230    0.36086795   -0.30888602
  0.01017789    0.41887198   -0.33892582   -0.83690130
 -2.30657822   -0.19020476   -0.39813033   -0.62832389
  1.20203277    0.58901255   -0.02738499    0.50090346
  0.85882909   -1.77853343   -0.69446193    1.67025361
 -0.79008982   -0.26348798   -0.89320863   -1.54173010
 -0.48062110    1.38470119   -0.06944374   -0.27200912
  0.14505583    1.38493767   -0.39348631    0.34164674
  0.87699908   -0.34211560   -0.29073750    0.48436693
 -2.19297069    1.58262401    0.44817046    0.95268422
 -0.50239558    1.35285210    1.75503141    0.13135013
  1.92056019    2.27842814   -0.81488988   -1.74191327
  0.34313326    1.51461449    1.87221218    0.66776131
 -1.10087972    0.45307103    0.13546130    0.89815588
 -0.37487983    0.57972013   -0.67551468   -0.54931556
  0.43508543    0.31962991    0.65040961   -0.31750026
  2.20520913    1.87595247    0.39312230   -0.58269331
 -2.13698436    2.56311301   -0.54054996   -0.16421093
 -0.45312442    1.37189419    0.12758410   -0.93513325
  0.83252169    1.55324447   -1.43257373    1.18810741
  3.17601844    1.40745407   -2.56005834   -1.21278831
  1.30569588   -0.16535131    0.30522625   -0.38117851
 -2.11166024    0.85063395   -1.08214807    1.32265340
 -3.50174277    1.77574731    0.63592948    0.38534628
 -2.51562742    2.59700655    0.60407363   -0.36182184
  0.83847155    1.50375958    1.01940555   -0.42637666
  4.09056590    1.21092306    0.64727720    0.38713794
  0.75598284    1.39593532    0.77268948    0.90277695
 -1.53987959    3.37539534   -0.27654102    0.71777527
 -1.48639899    2.93224699    2.24207878    1.73608073
 -2.54662531    2.87423980    0.26916096   -1.00883294
  0.41947426    3.58647050    0.40099430   -0.18003940
  3.52903977    3.73846862    1.32092637   -2.02654769
  3.16783130    2.32991239   -1.04188279    0.40893784
  1.45008269    1.30674051    3.03307981    0.73432512
 -2.06229538    1.64540570   -1.21450204    0.08196743
 -3.45230188    4.07722439    1.42862528   -1.68651702
 -1.20507365    3.71988536    1.33720835   -2.06171133
  1.34858191    1.92764919   -0.66585726    1.82093716
  1.84568771    2.97826710   -1.96966750   -1.24913155
  2.63103933    3.40005489   -0.91193409    0.93631615
  3.03532006    3.65277409    0.16203643   -0.17155872
  0.67117846    3.54371150    0.46684444   -0.07836913
 -1.96769324    2.84341104    0.31797839   -0.61036921
 -5.13994640    4.84697812   -0.46851962    0.56887556
 -5.20074008    3.31202196   -0.05593951   -0.15719719
 -2.57224268    2.93033088    1.79242522   -1.06850575
 -1.01130591    1.98580088    0.43213777   -0.31252217
  3.28798778    2.73810121   -0.20815470   -0.01712289
  1.68230169    6.83639672    0.02170090   -0.13233227
  2.84889213    3.54807949    0.96007533    0.44468541
  3.15917883    5.69370521   -0.31428408    0.40173856
  1.07810254    3.75365972    0.84017657   -2.51419022
 -2.08376309    5.35993189   -0.79943877   -0.78849274
 -4.36748462    3.80651769   -0.70704178   -0.11401662
 -6.40431448    3.75208842   -0.79654326    0.47413698
 -3.96143885    4.87924794   -1.81184122    0.68491618
 -1.45425652    4.74512687    1.43381225    0.53977044
  0.05663465    5.34014110    1.24442044   -0.38044895
  0.85966443    4.20067227   -0.67937144    1.44305670
  4.64907659    5.32244177    0.53326645   -0.80929881
  4.95683942    4.12233035    1.36120340   -1.47123106
  3.52148135    5.70410315   -0.84809006    0.42542207
  2.40754903    5.59943947   -0.97052199    0.96419273
  0.48211787    5.28874785   -0.40584128    0.97041652
 -1.41703090    3.98988806    0.98568368    0.52231356
 -2.48134410    3.45135183    0.29664094    0.87477896
 -4.59251436    4.55473892   -0.14846467    0.15806639
 -2.76950215    5.33195673    1.11439540    1.56568860
 -4.78100327    3.72298784   -1.08197165    1.35275777
 -2.55224899    5.82427431   -1.03216695    0.09252818
 -1.22140067    6.97400752    0.03753094    0.78252329
  0.79321122    4.94065353    0.39419194    1.11002439
  1.43112017    5.31467656    0.33838133    1.49994654
  5.35554102    4.47875013   -0.91557715   -0.13238085
  4.69380755    5.49640710   -0.37582137    1.25779969
  4.19457836    4.71933469   -0.21523136    1.09329277
  3.46655420    6.68049075    0.23614517    0.97522127
  1.21486553    6.46138149    0.20804076    1.20028582
 -0.15983315    5.96806496    0.28737250   -0.10728336
 -0.63166176    5.49572605   -0.66315930    0.61949924
 -3.12296447    7.45053751    0.66486221    1.09096851
 -3.66752203    3.70305538    1.17901745   -0.44203488
 -4.11012144    6.25352277   -0.03370916   -1.28079320
 -3.73339488    6.61221602   -0.13001437    0.65878350
 -4.72081488    6.02459991    0.78838243    0.20102942
 -3.86883073    7.33916877   -0.44397610    0.45001961
 -1.33118655    5.27035076    2.26812836   -0.01306882
 -1.05687444    6.14979797   -0.03621999   -0.84648209
  2.66453432    7.48879762    1.11847410    0.48271838
  1.85721426    5.26220231    0.86165679    0.93312086
  5.16072872    7.45079686    2.08202743    0.29170062
  6.42762894    4.45580029    3.78761625   -0.21339365
  3.78007711    6.02497665    7.06601616   -0.04070542
  6.04238118    7.71216615    8.26323092   -0.22802828
  4.72858483    6.86379943   11.05068219   -1.38110478
  3.30333897    6.33620656   12.33097786    0.26506418
  1.65612626    6.62646399   14.14952879    1.06207320
  0.26033497    5.48857328   10.99438353    0.05854821
 -0.14996047    4.92373270   13.56720569    9.52726004
 -3.06997631    4.35799300   12.93042084   10.75451142
 -4.22897716    7.07333246   10.61811054   11.30093442
 -1.44492986    4.56934268   10.25188961   10.54668207
 -3.52010507    6.90643376    7.53944571   10.58543192
 -4.22910086    4.72159622    5.11636246   10.31348121
 -4.18772879    7.05464968    3.94946779    9.51721647
 -4.64759911    6.84571820    2.17805597   10.22413081
 -5.53057300    6.75397464    2.13117035   11.22050037
 -2.90633841    6.22324900    2.71561793   10.03585470
 -0.70932712    7.87658430    1.41722465   10.79812646
  0.53176295    7.47856484    0.43030470   10.03130968
  2.79854718    5.41231204   -0.26026318   10.68210911
  3.67370756    6.13970590    2.23153008    9.47225334
  4.01543071    7.08743499   -0.01514328    8.90158051
  3.91368038    6.30361399    1.42257289    7.65650450
  4.83588936    7.76692120    1.26650831   10.82386616
  6.00319508    5.44149168    1.16119831   10.43867299
  5.10427544    7.23274002    0.99831185   10.81994762
  4.92554075    7.43919576    0.23513959   10.66302025
  6.35009459    7.06539790    1.88101806    8.31428631
  4.04842194    6.97184898    1.48682009   10.19523937
  1.68928742    5.37134252    2.41242012   12.02670832
  0.01618147    8.39435722    3.64152522   11.02253359
  1.29551086    6.59186293    5.23911601    9.94102594
 -0.62961224    5.46607006    7.38530154    9.62366153
 -1.73706529    5.74189310   11.49023127    9.72657390
 -2.60563467    5.28422442   15.84080384   10.34999509
 -3.44656958    5.79242933   17.94798627   10.27722045
 -5.37294082    7.33473015   16.25382621    9.19729553
 -5.07016219    6.38863112   16.96193033   -2.97738988
 -7.72971266    6.90371876   16.75356048   -2.80598123
 -6.74166094    7.51470378   14.33385050   -1.42646348
 -6.25532808    6.03152798   14.84412742   -1.50516829
 -5.42040259    7.44728422   11.06879643   -2.22041024
 -5.05125284    6.49442221    7.11006241   -3.78389276
 -3.50648911    6.37301084    5.20295228   -2.28281407
 -2.37201006    6.98791881    5.68168709   -1.73952725
 -2.75591154    6.47099214    2.95867604   -2.71598522
 -3.07123498    6.05217597    1.20538350   -3.82997515
 -0.68621082    8.31658085    2.79737781   -3.28856482
  1.09288822    6.64904728    2.69484893   -1.74041168
  2.02852748    6.60559164    2.33771543   -2.59162771
  2.03067533    6.16200480    4.01946760   -2.13974869
  1.43819394    5.07805866    4.39694282   -2.21153627
  2.48138961    7.77914869    4.95751513   -1.77090777
  4.16782652    5.54416662    6.55094795   -1.56577338
  5.68695242    6.59868606    8.86123993   -2.08146125
  5.06347087    6.51895699    8.65575753   -1.96981937
  4.41496168    7.58662463    9.28067663   -2.15577703
  7.47491478    6.16105717    9.87234633   -3.66766211
  5.71006203    5.57015948    9.95175143    5.97341424
  7.01383804    5.79645057    8.19318043    6.09366512
  6.15101276    6.47162452    9.82208387    5.37502597
  3.96961502    6.11529126    8.71130317    4.80625631
  4.76539000    4.80494525    8.16486687    4.47809371
  4.71024041    7.28008554    6.72857652    3.48132036
  2.58577290    5.73584715    2.95608539    5.07564829
  1.74093215    8.70474507    3.62542581    5.65310811
  1.86836455    6.13441254    2.22891314    6.00622045
 -0.40723975    5.86078558    2.74639278    4.92039369
 -0.97818443    6.16588836    1.21383398    4.56336651
  0.11246835    6.26550070    0.00384383    6.76634030
 -2.44486385    6.55493907   -1.49684002    6.75755335
 -2.48738927    8.59642690   -0.60361097    7.43788285
 -4.20931941    3.98791079   -0.88748611    4.10868809
 -5.96609617    4.87905201    0.40678185    3.76208880
 -5.51435667    5.16681089   -1.14465829    5.20852671
 -6.11275349    6.11749591   -1.23405899    5.43496058
 -5.75979088    5.39162267    0.27875932    5.73092347
 -6.76271123    6.28659401    2.02160696    4.55411083
 -5.43423749    4.28978099   -0.76845008    4.84712885
 -8.57077382    6.79029266   -1.50978652    4.73762536
 -6.08295130    5.85465433   -2.24345195    3.07493129
 -6.85096479    5.87306794   -0.81656717    4.22380394
 -5.09572658    4.26591020    0.60435550    5.11325363
 -5.63497358    4.85228664   -0.11442458    4.63030201
 -3.62348545    5.56291043    0.07699935    5.88772959
 -5.13429525    4.58341521    0.73088013    5.63943727
 -4.44209692    6.11395432    1.51532100    5.34493910
 -2.98730026    4.61148386   -1.87757035    5.66625645
 -1.69752651    4.40599827   -0.38125092    7.10068002
 -3.20954785    5.60888621   -0.68075291    4.79412634
 -3.87618939    4.19222491   -0.62950617    7.70951810
 -0.62674432    6.00309954   -2.52229488    6.90375464
  0.60523565    3.46420588   -1.25300264    6.31064162
  2.66389876    4.18933700    1.25611836    3.07708788
  1.64554086    6.89959937    0.74445961    4.48101470
  2.73477755    3.95837060    0.15153046    3.72871648
  4.01217425    4.28290102    0.77732151    5.24804159
  3.37562836    4.96826622   -1.30455452    3.98752925
  3.57874177    4.98691832   -0.08327000    4.60596012
  4.90120794    7.49898024   -0.29450993    6.52381704
  3.82715642    5.90908869    0.83363482    3.81767173
  6.51184116    3.94060560    1.57277459    3.19924621
  5.29882561    5.04954245   -0.77447973    4.29832612
  5.03241807    5.74348640    1.19417749    4.78962235
  6.82194926    4.20912641    0.17578181    5.72985606
  7.33925161    1.76599565    1.41078690    5.16414300
  6.64627285    3.82194947    1.13111150    4.69358443
  7.35547317    2.76429866   -0.77067735    5.28053714
  7.44844914    4.58187359    2.09602965    3.90771258
  7.17462550    3.82188454   -1.23614296    5.34696217
  6.01564818    4.91186814    0.44370172    6.08262807
  6.15617939    2.78014289    1.84106206    5.02567672
  4.94693654    4.87971177   -1.20991745    6.23156165
  6.56349463    2.49491569    0.00345627    4.71330846
  3.84012416    5.10038313    0.00145979    6.06582337
  2.87131464    3.69680738    0.60983678    3.69994300
  2.82496031    4.63948355    1.10733985    5.09118022
  2.15378230    1.94780991    0.32985034    5.61571603
  0.94228510    4.16672051    1.16395639    3.99788889
  0.29882306    2.63668283    3.03748606    3.56937931
  2.64839608    1.61949085    2.58740012    4.45475401
  0.32395478    4.34686290    2.97697136    4.78692162
 -1.32874982    3.42195019    2.06239300    6.40276709
  0.00651055    2.77896359    1.16552366    4.04028013
 -2.66295385    3.09052013    2.65794542    6.09015275
 -0.79724763    2.30311398    3.51256061    4.78660871
 -3.22824628    1.35016277    4.55565668    4.42672813
 -4.28399053    0.52400179    5.13487544    4.69491619
 -2.74314487    0.84324935    4.81316798    7.18212881
 -5.13483691    2.01340997    5.33482081    4.42993374
 -5.04404370    3.07798745    6.60550815    6.55986676
 -4.76085494    2.22346803    8.79537006    5.13148449
 -5.58925328    2.38498488   11.13913387    4.54333067
 -6.86473212    1.71802437   13.26441826    5.75175552
 -8.63070944    2.40680378   12.43453456    5.16562396
 -7.55660842    2.82954941   13.99571443    4.96023554
 -6.29251755    1.19112141   12.17948630    5.52798191
 -6.04899689    0.58955714   14.94585267    4.56995940
 -6.97990824    2.32096883   13.83349373    7.16297095
 -6.34849173    1.05323949   15.15122936    5.14495711
 -6.95333912   -0.59700433   14.72989352   -4.23925922
 -5.77580996    1.78333073   13.66873440   -4.02901119
 -5.63338260    2.05436252   13.57953120   -5.97932850
 -7.57428818    2.07864814   12.45803066   -3.57342507
 -6.78500223    1.66510616   14.78389300   -4.06097042
 -5.97577084    1.13381948   14.75694940   -5.79261566
 -5.02547399    1.25508254   14.38896502   -4.73052111
 -5.85513295    2.98547598   15.50861163   -5.96026107
 -6.17636747    1.01459138   14.44372328   -3.81556193
 -5.31762525    0.53487837   15.19130683   -5.07251756
 -6.21711008    2.19621301   15.57481890   -4.13621331
 -4.98586258    1.87940799   15.64553333   -4.98667364
 -4.85879516    2.34802566   15.18553073   -4.77790160
 -3.34164066    1.52298879   17.31538636   -5.54014543
 -3.27489001    1.03371563   16.81829700   -5.50506742
 -1.37708797    1.78278075   16.06415948   -5.23394140
 -1.80654158    0.14421093   18.54213955   -2.62028112
 -2.60798059   -0.06326777   19.91976523   -4.17538528
 -0.50088819   -0.66089602   16.51013874   -4.48416680
 -1.39821819    1.79623225   17.15230637   -4.49622016
  0.34144704    2.32784991   18.22057275    9.96723711
  3.11375143    0.91388223   14.73404832    8.02621622
  0.75976491   -0.77563927   14.81130914    8.22396934
  1.91997522   -1.47184235   16.28488533    6.95541645
  3.37456224   -1.25307694   17.20949050    7.55020493
  1.71131090   -0.37655974   18.91357119    6.53084978
  4.46339797   -1.80266267   17.76270156    8.11475765
  3.27388215   -2.14974396   14.24560766    6.89949680
  4.95408915   -2.18865302   12.28456242    8.93369133
  4.01356304   -0.31350377    9.36727134    8.54774624
  6.68170043   -2.88539852    6.49088424    7.50262691
  6.52401500   -0.43546580    6.66450053    7.21101705
  4.99940238   -0.58601277    5.64466639    6.19446165
  7.84317136   -2.14686133    4.49525570    8.41956041
  6.03566648   -2.11843913    5.19413492    8.42705020
  7.39471148   -1.83266215    2.96570752    7.46934265
  7.01012097   -1.97260194    3.91790356    9.67292851
  7.04209026   -0.56888782    2.66255309    8.16308093
  9.26283417   -1.64009619    2.36595735    8.17088131
  5.84797368   -2.42866913   -0.11145575    7.59201637
  5.99362470   -1.15308926    1.87707835    8.33753723
  8.41714158   -0.75732535    1.57109403    6.82607802
  5.50570569   -3.54299210    0.07905854    7.47259009
  8.52497972   -0.69273215    1.05029328    6.57366471
  9.01478358   -3.00567530    1.03129395    6.33763306
  6.19664549   -3.99962841    1.05475943    5.73124105
  7.59719245   -2.05854025    1.16489575    9.15864781
  6.94966431   -1.08072480    1.56116472    5.53704694
  8.37259074   -1.06571436    0.42958931    9.92412400
  6.67172364   -2.76033335    0.85631186    8.33293982
  7.94835461   -1.75479771    0.29432440    5.45424282
  6.19529612   -2.64532576    1.24441480    7.47854197
  7.82852645   -2.78974132   -0.36006191    8.45371441
  6.89304945   -1.52342120    1.27220390    6.88052022
  5.08217588   -2.51086617   -1.01145730    8.36461501
  4.84470066   -1.86316711    1.07540431    6.53114825
  5.76130589   -2.40986831    0.04160322    7.66709470
  3.41785123   -3.61891086    0.47944032    9.09262207
  5.98655685   -2.49716708   -0.17932907    7.94312818
  6.20714669   -3.27588418    0.02990152    8.80790262
  5.03820292   -4.41972587    0.46789454    7.63442563
  2.86316693   -3.06272737    1.01513062    6.88858774
  3.87386741   -3.34663789    1.02922149    8.08245202
  5.48411949   -3.93497308    0.49301730    7.62258577
  4.10874761   -3.36358711    1.39350214    9.69901251
  2.99446588   -4.39980966    0.51193517    6.74929455
  2.91464149   -1.71972271    1.35726752    7.66788377
  2.97135544   -5.28706877    2.03457000    6.10716385
  1.40425880   -5.30097002   -1.04153335    9.19589351
  0.68799074   -2.77766630   -0.98970793    8.22933313
  0.10636030   -4.66409169    1.38884059    8.98599999
  0.11980103   -7.96944361   -0.01019923    7.31566471
 -0.69020995   -8.03449877    0.62070431    8.01931874
 -1.63545352   -6.56525499    1.71111457    8.87026103
 -2.21051404   -7.40905573   -0.48952064    7.27557812
 -1.07756504   -7.09536531   -0.82012681    8.13811160
 -2.64916542   -9.51646340    0.24676186    6.16320892
 -3.41693083   -9.50183098    0.34893221    7.27575974
 -4.23093431   -7.56388126    0.68798358    7.44934946
 -4.60827350   -9.72513793    0.67483751    6.86887024
 -2.91364020   -6.00574741   -1.24981573    5.99187933
 -4.31948250   -7.64649125   -0.02191034    7.85647921
 -3.68045177   -6.72029569   -0.05280879    7.80909758
 -3.41637304   -9.85846251   -2.14823905    8.19134041
 -5.21843555   -7.61260455   -1.11310936    8.53741453
 -4.53293355   -7.71242142    0.98175477    6.69436549
 -2.65561523   -7.11468203   -0.88246048    7.83118078
 -6.16601146   -8.66424597    0.46983262    7.71391182
 -5.64755117   -9.74004247   -1.52239280    8.76644554
 -6.65018026   -9.14476149    0.54149752    8.49363474
 -5.46197081   -9.00722619    1.13919538    6.78504883
 -7.19770184   -8.85806948    1.41105742    5.75382707
 -7.41726654   -8.80011791   -0.15370917    6.75704723
 -6.52361545   -8.38474238   -0.68547827    8.55782556
 -7.37848965   -6.58716792    1.09299101    7.56151282
 -8.19503368   -9.57641484    0.27888611    7.36517659
 -9.81428869   -9.45710492    0.39713178    6.87215237
 -9.17576926   -7.08439563    1.58556842    6.94387124
 -8.41231470   -6.41872682    2.20109309    8.03209936
 -7.17044531   -9.66557195   -0.48092317    8.32702529
 -7.33032747  -10.89281378   -0.07440466    8.07529529
 -7.53704133   -8.52821374    0.52196235    7.74891302
 -7.09297661   -9.77266510    1.13196852    8.73791562
 -8.34149182   -9.18923583    1.82829425    7.38849782
 -7.76580037   -9.25447395    1.08093367    7.55261005
 -8.19861718   -8.87396971    0.11374836    6.58937453
 -7.66130280  -10.54569883    1.57582996    7.76950418
 -8.25444795   -9.04018434    1.18839363    7.42141939
 -6.97952288   -9.73387567    0.48073234    6.54901888
 -9.50258091  -10.84451512    1.27503811    8.12414371
 -5.49314884   -9.53393317    0.92444074    7.83889130
 -8.02544667  -10.47442192    2.59079139    9.63037590
 -8.87372863   -6.59982980    0.56440746    8.08562296
 -8.65979107   -9.44832112    2.13387671    8.08671588
 -7.41628488   -9.63076680    2.10889825    7.39249033
 -5.92101072   -9.79503153    0.44954293    6.47647617
 -8.00188866   -9.71445849    1.72771390    6.38257828
 -6.46375947   -8.41046233    2.01584658    7.90726291
 -7.52164368  -11.04407036    2.83031947    9.10265358
 -5.54364699  -10.45425987   -0.02179949    7.94669321
 -6.84227659   -8.70140033    0.55706281    8.52212540
 -6.87073231   -9.27139663    1.61988376    7.07875196
 -3.67023980   -9.96063007   -0.80355569    7.88245753
 -5.33191436   -8.43920597    0.14844723    7.30509052
 -4.05974470   -9.91673517   -0.01171639    6.77671310
 -4.15934147   -8.89089084    2.62822245    8.31299079
 -4.64827073   -9.86536492    1.44103507    7.28833940
 -3.24017889   -8.09337092    5.22813591    4.35195763
 -4.43654156   -9.07477524    3.20530362    9.50366465
 -3.49962818   -9.27127804    3.39010270    7.27013757
 -5.31753257  -10.79703882    2.61199020    7.95187668
 -4.69913898  -10.39883027    2.67167242    7.11450795
 -2.42121564   -9.58993040    4.02866604    7.72535464
 -3.24614659   -9.70089880    4.64139041    7.30763141
 -3.00464425  -11.43084126    5.18722780    7.50744748
 -1.90996580   -9.74073882    5.38956435    7.13400020
 -4.62077441   -9.67618129    5.41379287    6.46522978
 -2.04779162  -11.80749663    4.62434268    7.11011326
 -2.46183611  -11.20259419    4.97217324    7.86306828
 -0.60327188   -8.59926447    4.48946400    7.37411888
 -0.73829624  -10.61304214    5.62507547    9.16656792
 -1.99412921  -11.20756173    6.56254495   10.66433755
 -0.25522306  -10.44262885    5.20718945    6.81309969
 -0.07628664   -8.83913043    6.63430298    6.69653868
  0.97792187   -9.66286223    7.09232062    6.51590477
  0.13029266  -12.34525019    8.06041415    6.59329583
 -0.29315120  -10.64821440    8.11194220    7.45678729
  1.27867707  -11.68932721    8.58887993    7.91431803
  2.15066947  -10.70942711    8.07222708    7.72377407
  2.30224492  -11.99739792    8.68213260    6.26205311
  2.89044124   -9.42673257    8.99186801    9.09460713
  1.57778999   -9.06445652   11.02088462    8.52752835
  1.94319302   -9.24328999   11.54720457    6.58272329
  2.40213805   -9.08394621    9.61640762    7.33170620
  3.95997429   -8.83331632   10.70976383    7.08310640
  3.89282743  -10.88542149   11.77489484    7.50773154
  4.22138418  -10.57174834   12.96424314    6.92897804
  5.14363690  -11.43974997   12.87271414    6.85357199
  5.05377778  -12.00989168   13.73314890    7.75030940
  4.44598583  -10.96810386   11.69683908    7.26630105
  5.01960321  -11.33380084   12.54043120    7.56672133
  7.31755101   -9.95424918   11.96513619    7.21737501
  6.75604989  -10.36856707   13.50109666    7.42402569
  5.08399639   -9.54253471   12.67086625    7.78296682
  3.87915207  -10.89633633   14.30387676    6.91475327
  5.55554175   -9.60578844   11.89327815    8.95447688
  6.27916947   -9.73219884   13.69240894    8.17402330
  4.33694364  -11.54837096   11.46912822    4.81350100
  7.81964333  -11.84754078   12.73506870    6.90619209
  8.11071091  -12.20127365   13.57348552    8.21282075
  6.84668899  -10.50068472   14.05514862    8.50462839
  6.62538155   -9.73900363   13.99225675    6.14242278
  7.92034982   -9.28740669   11.90468042    9.33525779
  8.04352552  -10.76860687   14.13750552    7.52914399
  7.31992242  -10.17291325   14.46709628   -4.53018353
  7.01925828  -11.99215472   12.87208984   -3.45252101
  7.95273397   -7.91114547   14.68919505   -3.67684687
  9.66815105  -10.45200493   13.11244060   -1.45710458
  6.45508503   -9.26021022   12.82651644   -5.21860640
  9.72352806  -11.20764752   13.85722351   -3.83465122
  6.25658002  -10.06549944   14.31754584   -2.64070978
  7.33513717   -8.58078228   14.10603716   -2.28463320
  8.81776875  -10.71888303   13.91447113   -4.65237392
  9.41601792   -8.97391997   14.16875489   -1.65953346
  7.49826110  -10.61856263   13.21187645   -4.43639765
  8.22525287   -8.75396145   14.13575643   -3.90972445
  7.63229451   -8.87051774   13.97788998   -3.37411748
  6.93885489   -9.44966178   11.67830680   -2.18471875
  9.64486429   -7.49309594   12.51671823   -2.47682790
  8.03867800  -10.85421210   13.87020335   -3.02246961
  8.55914434   -8.67064463   12.36720106   -2.15023753
 10.64257564   -7.38442228   11.88810762   -3.57109915
  8.86486382   -8.81192640   11.99673964   -1.45534215
  8.48307259   -8.37132719   12.90890375   -2.93561220
  9.20848419   -9.22095068   10.43328514   -4.86911623
  8.70030455   -8.10859569   12.16852263   -3.93162531
  7.21830994  -10.74074436   11.88317340   -4.01320642
  9.11680114  -10.02926789   11.29722126   -4.15738675
  8.34191834   -9.94011465    9.86230872   -2.36677224
  8.18882300   -9.94692086    9.14830613   -4.23537373
  8.97746663   -6.35905576   11.00750465   -3.02775665
  8.34236092   -6.97193593   10.40157427   -3.14909862
  7.52387528   -9.27126681   10.09979315   -3.80117830
  6.78324621   -8.15820762   10.24727247   -2.91876820
  8.55461913  -10.20130584   10.66188637   -3.73022251
  8.59776919   -9.20036068   10.88088859   -1.17958816
  7.91469859   -8.73274061   11.99659545   -4.53758791
  7.69873050   -8.08027041   11.70505252   -2.76245346
  7.40733219   -7.12632034   11.27301905   -3.52727114
  7.26353749   -7.65679707   12.17874693   -3.23706176
  7.05140528   -8.23679756   12.98772794   -4.75793758
  8.56965601   -6.91683438   11.14434664   -2.18591334
  8.16643155   -8.28492656   11.63227430   -2.81146842
  6.49802725   -7.38677317    9.28980619   -1.93196264
  7.47112478   -5.94761790   11.27603007   -2.40645341
  6.00775871   -9.09133275    9.32236957    1.47517884
  5.72263651   -8.14076580    9.32643814    1.04883106
  6.16502819   -8.77766621   10.10994301    1.75983243
  6.33849128   -9.30423936    8.73552907    2.79020641
  5.40592691   -6.68223259    6.59248805    1.16573196
  4.36875536   -8.06994978    6.29171873    2.02578242
  6.44146345   -9.24562234    6.25714970    0.08493741
  5.02485726   -8.50284723    7.43489720    1.28625556
  5.32068347   -6.42748972    5.57102615    2.74411835
  5.70623179   -6.69980731    4.91781057    3.08713476
  5.02585536   -7.16695767    3.41255673    3.66158931
  4.78344285   -8.79718202    5.69500585    2.69055949
  4.93409030   -7.66426935    3.00557517    2.63192175
  4.93878194   -8.03743796    1.96888479    1.29238152
  3.62484735   -5.66710399    2.64734088    0.29184343
  4.36258146   -7.59842315    0.50146610    3.26518641
  4.42463675   -6.01444132    1.29282141    2.80869485
  3.97625186   -5.09926195    1.70146614    2.71618923
  1.90480158   -5.38602244    3.51585534    2.92489003
  4.37745470   -6.02954580    1.57722051    1.83268181
  1.99097291   -7.86850346    1.46710818    3.39331987
  4.77660247   -4.18192815    1.82574832    3.23052909
  1.96897326   -7.75419857    1.99506405    1.98207369
  2.20898621   -7.04499012    0.34032690    1.65472572
  3.31528909   -6.30080424    1.16291523    2.22005191
  0.66459625   -5.46304277   -0.95029946    2.93985311
  2.28281924   -5.86110622    1.16447101    3.42054374
  2.35067334   -6.86202424   -0.49110644    3.26012032
  1.94866381   -6.97762692    0.43527011    0.37778118
  0.47923183   -7.40836303    0.76389322    2.56526551
  1.45716689   -6.21103327   -0.32362551   -0.79820486
 -0.18173689   -6.04059402    1.76599906    0.67188933
  0.89268116   -5.81557419   -0.05592012    1.42435113
 -0.16144949   -5.97842090   -0.19961058    2.31487064
  0.37656534   -5.01573512    1.08543387    2.21298384
 -0.83093856   -5.58108979    1.70277311    2.14805025
  0.19625308   -5.94841078    0.54027768    3.30781989
 -0.90971904   -5.55952433   -0.70954459    2.38790983
 -1.46959851   -3.56359945    1.36661234    3.15234035
 -3.02311179   -5.05846799   -0.44651385    2.19452803
 -0.54386633   -3.98223816   -1.73346787    1.35624108
  0.52750126   -5.34355082   -0.71670437    1.08435463
 -1.96154591   -5.58421434    1.80504437    3.47042334
 -0.16110843   -3.40898155    2.31002529    1.85470695
 -1.97694933   -4.10935939    0.45389471    2.75461202
 -2.79516581   -5.24355652    0.31941503    2.26415614
 -2.08928890   -3.18307197   -1.56383061    1.74690348
 -2.76741581   -4.71379470   -1.59024124    2.73118542
 -1.85011429   -4.46214773    0.94688406    1.42825728
 -3.58725280   -4.36438501   -0.06166272    3.19096184
 -2.78001656   -4.38716864   -0.60079482    3.54908397
 -2.80101714   -3.86642085   -0.35042028    4.09104033
 -3.13876722   -5.49855813   -0.30840277    2.94657376
 -3.15448587   -3.43637754    0.03326174    3.20615323
 -4.03733236   -6.35994361   -0.94216710    3.05892984
 -5.26310128   -3.83767944    0.35343614    1.26247422
 -3.61405185   -4.86190007    0.41675674    2.15533838
 -5.06327888   -3.19831076    0.95804016    2.68981219
 -3.16703459   -4.58282561   -0.37487039    1.12769653
 -4.74910128   -2.62215181    1.71120660    2.04719147
 -3.73617379   -4.11008238   -0.21392575    0.85425761
 -3.02978847   -4.26749293    0.64975385    2.00836928
 -5.24583035   -2.96971064   -0.34882709    2.49869731
 -5.65792094   -3.52372201    1.81176283    2.60678825
 -4.09128530   -3.60316439   -0.37625950    2.95411951
 -5.03011161   -3.54901763    1.02484609    3.25139339
 -5.45085871   -2.06440699   -0.26327156    2.05513718
 -5.48413326   -3.32181689    1.03462283    3.23188989
 -6.50063237   -2.85988958    1.17762558    3.30562814
 -4.84405028   -3.26040149   -0.07639643    2.11375875
 -6.48305249   -2.75883571   -0.25360085    2.38144369
 -5.03927899   -3.28844007   -0.48449880    3.18009133
 -6.75870029   -1.90244146   -0.11594453    2.20460424
 -4.93670063   -2.07181610   -0.36029134    1.54391120
 -6.21245698   -1.40751807   -1.81047557    1.76228732
 -9.72612504   -1.91995388   -0.20394224    1.62721189
 -6.91670218   -1.76508390    0.35655473    1.18657281
 -5.58166499   -1.82023986   -0.68975056    3.50357016
 -7.26484647   -0.38263939   -0.58309078    0.18565552
 -7.69777713   -1.97629586   -0.54789383    2.17851088
 -6.69625959   -2.12856985    0.01710073    2.40029418
 -5.77584662   -1.40870458   -0.76322058    2.47696130
 -6.58945476   -2.00923170   -1.19142573    2.05718787
 -7.30641134   -2.85313257    1.59502001    0.74368484
 -6.98956865   -2.04490339   -0.50721917    1.72644961
 -7.06831696   -1.92796844    0.59026983    1.24285639
 -7.84542930   -0.82225709   -1.12476288    2.95822494
 -7.34308889   -0.68080394    2.02210749    1.87738939
 -7.82580550   -1.34316983    0.05362135    2.74632698
 -7.18036719   -0.82414418    1.20796446    2.20721543
 -7.32649026   -1.87053951    0.81305361    1.71162113
 -9.43766342   -1.00057195    0.03225366    1.53527159
 -8.61638810   -1.13115403    0.35418235    0.88404874
 -9.35610494   -0.05678283   -0.58378072    1.47149497
 -8.08249535    0.19066154    0.15023481    1.65944923
-10.50607881   -1.14662201    0.89199916    2.16044515
 -8.39303284   -2.45263885   -0.50034024    2.68492733
 -7.26032543   -0.38702933   -0.53563305    2.50076390
 -7.92254767    0.79543890   -0.17155055    3.12769963
 -6.98456956    0.81484224    0.79284213    2.31887736
 -8.44486136    0.40095601   -0.95355468    3.29401708
 -8.99912032    0.83899439   -1.02031683    2.08867576
-10.32411267   -1.01211211   -0.26094606    1.98054025
 -5.87880463   -1.26582472   -0.23566146    3.08587254
 -8.24553529    0.52166803    0.71857830    2.59300096
 -7.48968874   -0.02074106    1.10513657    2.40904331
 -8.03606850   -0.98204401   -1.03945983    1.81965614
 -8.97170228    0.97945933   -1.87818880    2.11762803
 -8.91413911    1.72313968   -1.54499743    1.39166650
-11.12626916    0.67240118   -1.17309405    2.07796169
 -9.61240704    0.75992636   -1.26477844    2.46555420
 -9.03181549    0.67153026   -0.06346430    3.86554672
 -9.26758666   -0.09314014   -0.38907687    1.82872534
 -7.87474779    0.70120579    1.62807740    1.84869780
 -8.13888011    1.60190767    0.76063086    2.49647778
 -9.09211756   -0.33105611   -0.00399697    2.41707412
 -9.75834882    1.82993591   -1.21714609    2.28035880
 -7.77700691    2.19625855    0.17818038    2.37826735
 -8.62163454    0.91706996    0.36710005    0.22113714
 -8.18694519    0.95104800    0.46496731    3.58469853
 -8.15235436    2.49874700   -0.34761030    2.88870889
 -8.59263667    1.66295113   -0.98199671    1.85140373
 -7.72918797    1.69417664    1.58728728    1.61604969
 -8.18722794    1.15974127   -0.53057798    1.58052191
 -8.33586027    0.55248191    0.06213639    0.59139997
 -9.41220819    0.97573893    0.71194049    2.02249969
 -8.27018190    1.90239661    0.04451393    3.46402355
 -7.35342861    0.62411622   -0.74963626    0.70709567
 -8.63700763    1.56724011    1.65332357    0.52547943
 -7.78287239    0.91742964   -2.76908019    2.24657390
 -7.50244929    0.36725114    0.48768012    0.92247917
 -4.75813430    3.39216946    1.52294928    1.98346300
 -8.75632136    2.68488232   -0.11695871    1.51940359
 -8.18886290    1.66151195   -0.09630297    2.70239378
 -8.35976680    3.06661537   -0.60080310    1.83942964
 -9.40574520    2.05327374    2.44851518    2.39252351
 -7.62999912    2.49240955    1.63879297    2.69123564
 -7.42723829    2.49874007   -0.01691826    2.67551911
 -8.05214708    2.41992309   -0.23773945    2.75439860
 -7.66979149    2.17849363   -0.80219907    1.97734262
 -7.66051739    2.20109765    1.55390645   -0.19880909
 -7.79183227    1.53461335   -1.59000366    2.52287777
 -8.27293407    3.48136663   -0.84966643    1.34149602
 -8.06661431    2.04909082   -0.42171741    2.80251415
 -8.19063246    2.34868282   -1.07281152    0.94435683
 -6.49931094    1.35952584   -1.20384083    3.29469346
 -7.14710166    2.50578862    0.72456165    1.36940406
 -6.71459158    4.01538822   -0.05250626    1.61485234
 -7.66357157    1.44243074   -0.46868474    2.66884005
 -9.04721726    3.31504619   -0.23868307    4.61598019
 -6.74800005    1.16716973   -0.08868617    1.32537397
 -6.08711938    3.20503062   -0.93016437    4.06017136
 -5.48372782    4.24321824   -0.19211573    2.76110485
 -8.36167029    2.86452096   -0.84062490    1.37773218
 -6.15451852    1.61969488    0.82900324    3.03487467
 -6.20299716    4.52710054    0.51017182    2.49248554
 -6.22422322    1.79068695   -0.32553151    1.80073031
 -6.28863161    2.19930859    0.35363640    1.83356299
 -4.13985338    3.34100727   -0.82833585    0.21927157
 -7.14782752    3.30762592   -0.58625190    2.10987600
 -5.69270841    2.88454864   -0.59565240    2.80141874
 -5.35549498    3.24214587    0.23382760    2.53519263
 -7.67615798    3.45328618    0.08161056    1.93873242
 -5.16179820    2.87283401   -1.99824674    3.33574274
 -4.04278712    3.33228054   -0.94882182    1.87426664
 -5.68693851    2.71999403   -0.45459564    2.88651528
 -5.58978088    2.59325482   -0.17970379    1.11290199
 -6.65227370    2.62442722   -0.47548315    2.07762989
 -4.78974880    3.23530241    0.69505330    2.55696510
 -3.95220407    2.16634553    1.33954960    2.99188770
 -6.14138559    2.49681813    1.05421544    2.30935912
 -6.12989648    3.09285520    0.43783663    2.61381341
 -5.27269987    3.58800482    1.13772449    3.52676664
 -4.46938784    3.04185367    1.24266934    3.51485469
 -3.33726200    3.25897711    0.62038162    1.70754564
 -3.78792135    2.64565921    2.06738070    2.50528618
 -4.32365926    1.76707912   -0.17395026    3.81800972
 -4.97588917    2.69674892    0.43505774    2.43765010
 -3.96183492    2.71908540   -0.35877170    2.30216919
 -3.37383625    4.75184683   -0.52867143    3.68950888
 -4.52403420    4.35483507   -0.86048512    3.16270482
 -3.46140177    3.84818782   -0.62783813    1.61360360
 -3.31007011    4.56825858   -1.13328973    2.27446663
 -2.14205754    3.43346953   -0.13161003    1.14659581
 -1.80068746    2.78749204   -0.51486090    2.02197267
 -5.10793878    4.21865057    1.77618021    3.16933875
 -2.03789264    2.68489288    0.77880461    0.98257426
 -3.66926414    2.58446985   -1.64563088    3.29228227
 -4.21941813    3.90843379    1.50252815    1.88641895
 -3.40049249    2.78422670   -0.14590735    1.57324239
 -3.15841887    2.32265299   -1.12369403    1.53624971
 -2.25549768    2.57562603    1.06583274    0.14092953
 -2.67045311    2.72211269    1.85849688    2.17641691
 -3.69353871    1.98391651    1.04705582    1.11862294
 -2.57639115    2.60783304    1.31105093    0.59149982
 -4.02212676    3.87083374    0.29883439    2.26567919
 -0.41925169    5.50157220    1.18703532    1.68317146
 -2.53204065    2.74109061    1.54132529    1.87139969
 -1.07983041    3.91773042    1.79376414    2.39487786
 -0.99490362    5.08892011    3.24792949    2.43504685
 -2.20370241    3.28175636    2.36313218    1.92058272
 -2.96377670    2.90583672    3.59498519    1.98538246
 -2.85552490    3.48198978    4.43504477    1.87284218
 -0.40456501    3.46563523    6.45631904    2.01428888
 -1.21908716    2.41988727    8.63134359    1.33519455
  0.07540550    3.33991257   10.58474342    0.96319939
 -1.34374213    2.61625709   12.32655316    1.14537984
 -3.69175089    2.09348221   10.50984628    2.79853134
 -1.73852610    3.28994837   11.80158776    2.27611094
  0.25305901    4.05028894   15.18294083    3.17053225
 -0.22444699    3.72773939   14.03818899    3.45065475
  1.54846141    3.10953025   13.31772377    1.50696421
  0.13392039    3.78735543   15.34912900    1.21399444
 -1.89648633    4.13961496   12.41156633    0.41003096
  2.48810686    2.89454099   13.50231183   12.90830849
  1.18674340    2.68144882   13.02698099   13.81071686
 -1.23826009    3.69385801   15.06267673   14.61762341
  0.55010398    2.94582573   15.81353186   13.19549166
  0.39150748    4.79389099   14.37325878   12.65462782
 -0.21533574    1.59937455   14.68052796   13.33971225
 -1.16535046    1.37102965   14.00770835   12.29763020
 -0.19329390    1.76990202   12.09284753   13.21001438
  1.13294460    2.93874005    9.58756424   13.03857029
  0.40665438    2.70820139    9.57020519   11.88095824
  0.20900680    2.49363016    7.56225751   12.78299131
  1.21825654    3.63224934    4.79624612   13.58196055
  3.87722729    2.50731137    4.21791595   14.54408568
  1.61880286    3.13862642    5.32612355   13.66970106
  2.24355261    4.21168302    1.91370783   15.06193683
  1.03322085    3.70324393    2.78300641   12.42579736
  0.11689313    2.01739660    1.21947070   13.30450707
  0.64622557    4.68399230    2.16473268   12.95254797
  2.41389872    3.39436440    0.32443876   13.26693468
  2.01736572    2.61134732   -0.18188460   12.04311333
  2.01890485    1.27140898    1.11066683   13.01600881
  3.02306935    3.99469305   -0.14567914   12.80405994
  4.33863702    2.13496259    1.93018988   12.74615670
  3.31500606    2.08661577    1.04533295   12.75516682
  2.11108207    2.18292073    0.10407181   12.86114544
  2.84003116    2.33180708    0.03397389   13.12826001
  3.57224412    4.26999301   -1.67119692   14.41530568
  2.79292889    3.36032459    0.27206707   12.74034460
  4.28654390    1.87722797    2.42922977   13.11408327
  4.13891230    3.49599945    0.52190720   11.47247735
  3.59098760    1.50303101   -0.83661712   13.30549043
  1.52352223    0.73538606    0.50002721   13.20017028
  1.97107182    1.29311068    0.87490306   12.47241480
  2.24457347    1.08753186   -1.19311957   13.48961561
  4.38663791    1.51498942    0.64236550   12.83275006
  3.39771565    1.51531299    1.53151084   12.84795345
  5.40849878    2.35377101    0.32088546   11.99015358
  3.46985384    0.76542506   -0.21704086   13.99671640
  3.66164509    2.41275072   -0.93890469   12.19713692
  3.52913976    1.04754510    0.13844163   13.22721874
  5.11728822    1.80641520   -0.94883284   13.23834464
  4.96640815    3.07325310   -0.27548192   13.83785783
  4.17747103    1.30979939   -0.36478791   13.85849901
  3.56799260    1.61398727    0.00009403   11.76415988
  3.76930385    0.35647226    0.50907723   14.40994017
  3.85716187    1.21961907   -0.38114015   13.69283838
  4.97596828    0.13554390    0.10673811   12.16986405
  5.38224797    0.68852002   -1.67940023   12.12972967
  6.08603593    0.08784234    1.03428699   12.70993128
  5.55095276    0.82055954   -0.96161597   12.58358311
  3.50550376   -0.21670684   -0.25290421   14.08492010
  5.65926448    1.45479304    0.19592396   14.13806194
  4.84848876    0.79433827    0.91937750   13.33071531
  4.08070574   -0.81995907   -0.77795700   14.14578002
  4.65590336   -1.56494622    0.04861902   13.22924311
  4.77831008   -1.17921345   -0.56710062   14.44603031
  4.98953078   -0.67756007   -1.06739696   14.33804180
  5.19322871    0.17509578   -0.01759624   11.85066507
  4.97896409    0.49903051   -0.15262332   13.95570933
  4.73179455   -1.16530992   -0.02349308   13.48738573
  6.46993952   -1.81969880   -1.01387715   12.89965628
  6.74451285   -0.59725082   -0.49841338   13.96030650
  5.90156847   -1.88069129    0.34874083   12.66933222
  5.48433443   -0.48420486    0.70972464   12.55357256
  6.89370675   -1.47448308   -0.25554454   13.68588473
  5.15879321    0.05269560    2.00474849   13.01347462
  5.28128825   -1.10546588   -1.00193640   13.21500451
  5.69350437   -0.47486246   -1.32630336   14.26668726
  6.68591886   -1.58149648    1.64906210   12.62387190
  5.64003545    1.04273044   -0.91310703   13.36112787
  6.34224056   -0.68243902   -0.17468225   13.88710031
  5.74300472   -1.12171958   -0.97689658   11.95415135
  6.11526626    1.11789008   -1.15863046   13.22230934
  3.96236444    2.70735182   -0.75832397   12.94979011
  7.38426850    1.19514023   -0.14731899   13.57669247
  7.04028420    1.04395467   -0.43166328   13.38147647
  5.01871451    1.42605196    0.88390487   13.14854547
  3.64826591    1.38955842   -0.40106896   12.29803152
  7.82317883    1.35376235    1.28743005   14.04279264
  6.26766460    3.55729001   -0.80305574   14.61229960
  7.18372674    2.46534297   -1.53901022   13.61175988
  6.88307595    3.09368213    0.31680398   13.96468656
  6.74312378   -1.02162951    1.34382496   13.16765386
  7.54146187    1.30052276   -0.20734680   12.72499157
  6.88120669    1.34678055    1.26299076   13.30003200
  4.73665563    1.09302774   -0.21325075   11.56671149
  7.15675617    2.98348914   -0.59946363   14.77867638
  6.17124366    0.73638606   -1.20160345   14.04993780
  6.73905159    0.36215419    1.11177699   11.28663895
  6.79730236    1.40888907   -1.24967847   11.80662297
  6.95257047   -0.23584543   -0.27399680   13.69479860
  6.08234063    2.55465349   -0.71964632   12.95843083
  6.09835732    1.85528385   -0.70446925   13.08897619
  5.62442370    3.09399286   -0.20367042   11.51728314
  7.82351713    1.23535742    0.23748602   13.24491683
  6.84735776    0.80333707    0.34818836   13.29996368
  7.23266119    1.75495648   -0.70904356   13.75452793
  7.83937033    0.56912240    0.50677592   11.64672227
  5.67267866    0.33184569    0.72197256   14.13970081
  5.71720189   -0.67526151    0.12291053   12.05781273
  6.69804979   -0.58814934    0.11473857   13.17996007
  7.58637927    0.06632539   -0.75362171   14.63274236
  6.04737746    0.68259380    0.93438048   14.44892764
  6.18440547    0.91639105    2.52738078   13.50762808
  7.48887649   -0.79966847    2.03391395   14.18134169
  7.28685756   -0.69998542    1.81500283   11.96686665
  7.54666223   -1.19411738    3.53424387   13.94348593
  7.69818324   -1.64110597    4.69407659   14.03305897
  8.06540830   -0.18271495    7.10266660   12.09025609
  5.29850887   -0.85602440    8.63942673   13.25842904
  7.19343192    0.69604578    9.81569387   15.97777517
  7.42968208   -1.15340286   11.90364163   14.08120660
  5.37179949    0.06962707   10.56937695   14.36430397
  7.17735578   -1.39808862   11.16377763    5.90527814
  8.16169709   -0.51671302   11.32755588    4.14039781
  5.58271795    0.18036338   11.52398280    3.39931916
  7.15423917   -1.31733384    8.92556976    5.21803584
  6.54354462   -0.99540960    7.96122540    4.28245485
  7.83336232   -3.92756900    5.70924403    3.85369116
  6.01009583   -1.84686033    4.04477379    5.15959771
  6.00705424   -1.25636924    3.96077693    5.73024741
  8.43667962   -1.42658145    4.76023305    7.55122033
  7.62780352    0.04490840    3.98122773    4.83864623
  8.51837645   -1.35687791    7.33497411    5.38871391
  8.01749339   -1.77899578    9.09770332    7.90636178
  7.76707367   -1.33487986    8.33031141    4.26105756
  7.27225802   -3.22899565   10.77718521    5.55133097
  5.83009890   -2.48322848   13.58403561    5.03162795
  7.14401668   -1.59755024   15.14723931    6.61571059
  7.35525946   -2.40549860   17.20090321    5.40992830
  7.65314463   -4.64446485   16.29921339    6.56966351
  6.23084114   -1.60535945   18.17055017    5.71000605
  7.23055846   -3.77427712   15.78063571    6.05614327
  8.85266802   -3.74562407   16.69160033   16.49301396
  6.57764867   -2.13395573   16.92487818   17.43186358
  7.22902497   -2.87886157   15.56939255   16.84213455
  7.29365970   -3.49115810   16.34206835   16.65378448
  6.19097699   -4.36689572   15.38848021   19.07678816
  7.46238601   -3.48463785   15.34586447   19.20922521
  7.30291382   -5.12423043   13.31885699   18.02831009
  4.70462763   -2.65640906   12.55482776   17.17495382
  9.28723638   -3.16021356    9.57610908   19.20975212
  8.43575519   -4.46384159    6.77459094   19.99000800
  8.25974600   -3.42834392    3.18600699   18.86876147
  7.89418320   -0.36620486    3.75918869   17.34319694
  6.68145558   -3.15182919    2.21295834   17.71603598
  5.81104297   -3.04790376    4.70471652   18.86855874
  6.52621895   -1.90694007    1.90920735   18.22757699
  7.48379362   -3.20122612    1.86378291   19.19178564
  8.87650534   -3.64738582    1.64720884   17.18343440
  5.94776105   -3.65374753    0.98991842   19.70151497
  8.80079450   -3.47564613   -0.79779178   17.87746854
  5.86367554   -2.79199812    3.13132905   17.45404920
  7.70181823   -3.62946421    1.50275700   16.99039350
  6.80711478   -2.82495127    0.58342758   19.02112167
  4.90881316   -4.17279532    1.58155388   17.82917274
  9.34094595   -3.30176575    4.14673784   17.89116060
  5.61463752   -4.71384010    3.94410358   17.78805390
  6.09313656   -3.40535718    5.89378283   17.12561668
  6.32842451   -5.49723277    7.98409308   17.45695109
  6.38220615   -4.83958980    9.49332082   18.04616047
  6.94822908   -4.95371330   12.15887885   20.33477281
  7.04184112   -2.70565583   12.73786688   17.78871830
  8.78131996   -5.58316027   13.79890929   18.96403514
  8.08720317   -5.87107521   13.87467479    6.62686760
  7.60432128   -4.42389623   13.45790873    8.44200845
  5.95886802   -5.95718096   13.83190087    8.46489360
  7.66520800   -5.85775189   11.18484874    8.28441698
  6.36627122   -4.39653903    9.18259980    7.94049770
  6.25014409   -4.63909609    5.33510387    5.74369453
  7.05798972   -3.63684751    3.06295138    7.42729901
  5.28953839   -4.65274465    2.31128284    8.17028543
  4.05212896   -3.65244942    2.52674219    5.75960592
  6.01554931   -4.34206238    1.33632087    7.14998284
  5.55717210   -3.56608412    1.08697387    8.76644236
  7.22487973   -5.11774838   -0.14882367    7.60265872
  6.07954765   -7.38303802   -0.27776234    8.92520489
  7.75184216   -5.99600799    0.87946472    7.23056701
  5.75719486   -5.65043803    0.67957047    8.80756978
  6.87760011   -5.25748709   -1.14336882    7.72869690
  6.71059424   -5.96342154   -1.35514877    8.24715243
  6.58088107   -5.01248601    1.13246222    6.12716249
  5.18760152   -5.34507978    0.06755827    6.08936649
  6.18479650   -3.68897359   -0.08188085    8.05724652
  5.96545090   -6.95727258    0.44449165    7.21018600
  5.48188120   -5.71671996   -0.05172980    5.74371463
  5.72052476   -6.13072834    0.26006815    7.11582937
  5.50872492   -4.54266208    0.50865222    7.21334515
  5.64766938   -5.31280926   -1.58092649    6.71412575
  5.06202602   -5.08448769    0.04538986    6.32207294
  4.66882858   -6.04236053   -0.01086000    7.79066088
  5.20830856   -5.05667877    0.42756483    7.90452769
  5.52929531   -4.48272034    0.32634543    6.76640525
  6.78317841   -6.73659180   -1.22428993    8.89263988
  5.15870456   -6.98266432    0.14873187    7.08148681
  7.26796275   -6.04484073   -0.98428251    5.58819772
  4.31252315   -6.83782385   -0.34047834    7.59179862
  7.53710753   -4.95164991    0.11805297    8.38251393
  5.77773376   -6.48937223    0.96677698    5.67137030
  3.39583910   -7.34973656    0.47516958    9.44640921
  6.23164717   -6.19532299    0.27621064    7.27822729
  3.26146525   -7.09170277   -1.41448795    6.74601386
  5.78978862   -7.79798729    0.11910778    7.85260060
  7.66136864   -5.96511785    1.18029357    7.02939835
  5.20529276   -6.95281703   -2.10869435    8.51863232
  5.81951547   -6.03597154    0.46855594    8.89679918
  5.96629508   -5.26827675   -2.45395435    8.00628038
  4.87898085   -6.50824394   -0.29931201    7.56338529
  6.03481872   -7.12018178    0.40341215    5.86556662
  4.79963898   -6.17544754   -1.70094089    6.80510235
  6.01298319   -5.64537132    0.76395158    7.59070897
  4.09626019   -6.12875796    0.20750162    5.57067713
  5.12432087   -6.60660619    0.96269233    6.51496058
  4.72272122   -6.65396596    0.49060572    7.71839985
  4.19414365   -7.61524600   -0.44234330    6.33698975
  5.02009177   -6.75011548    0.32903624    6.79766421
  3.41674322   -6.67194605   -0.01691740    7.87015565
  3.20934380   -6.04215349   -1.88546418    7.75832443
  3.35442322   -5.87543497    0.34121631    7.68746772
  3.96274489   -6.45482590    0.34051500   10.00978861
  5.56697046   -7.49000644    0.42690585    8.23949163
  4.73237060   -8.07524309    0.11531984    6.88936545
  5.88849239   -6.60785297   -0.11593834    7.61742410
  5.58550668   -6.92048358   -2.68406339    8.72937938
  4.07505348   -6.56231583    1.55047700    9.37761807
  3.15301987   -9.07431183   -0.92235332    8.25351660
  4.49906955   -6.10345122   -0.71846893    6.79085848
  4.08097867   -6.41664876    0.83535747    8.25444522
  5.61025092   -6.82071704   -0.56471838    8.13722824
  3.60972415   -7.12851050   -0.99745147    8.09416984
  5.88008806   -6.13754545    0.64289701    7.51521685
  4.51187747   -6.51164803   -0.25238564    7.35102841
  4.67902213   -7.44694963   -1.12019729    7.66584461
  3.45653786   -6.71629027    1.64937128    6.97005073
  3.11260878   -7.67960897   -0.30528817    8.16327420
  3.90924620   -7.49850536   -0.77270402    7.51820896
  4.06334024   -5.18594590   -1.35295140    8.90055352
  2.53786790   -8.57658400   -0.32468520    8.31453501
  4.06590253   -7.92171009    1.55441375    7.79523143
  3.14345176   -4.04210533    0.62928677    8.90039880
  4.29008002   -6.58783526   -1.02643037    8.43720437
  4.80158833   -6.27601597   -0.20086423    7.90894319
  1.89098703   -5.30319525    0.86210820    6.65829747
  3.01284764   -8.58935588    1.55916540    8.90148461
  3.42396294   -4.87409551   -0.12870557    7.44256634
  1.40001151   -5.55991633   -0.81682772    7.21729629
  1.01399494   -7.65142204    0.28942153    7.59903835
  1.87118211   -6.86013437   -1.13049209    8.63721743
  4.41668777   -6.13372534    0.88217716    7.68747022
  5.09649324   -7.41787048   -0.94337925    6.43230591
  2.79661586   -7.17260789   -0.62078198    7.28804664
  2.93960234   -7.03138034   -1.99026584    6.76268555
  3.52556996   -6.63912248   -0.95118919    7.29709430
  4.11903324   -7.11906018    0.25869162    6.31757140
  4.14116863   -5.84510237    1.19891930    7.92466722
  5.72410683   -6.32628894    1.10966916    7.22410308
  3.64780588   -5.01378620   -1.61198322    6.68503825
  1.96396608   -7.12352275   -0.35596426    6.98764184
  5.40759015   -5.37389004   -0.00796846    8.83933623
  2.04814803   -5.77420645   -0.01398265    6.37382009
  2.29815521   -5.64087630    0.21770292    8.05494164
  3.86752332   -6.34500755    0.18079058    7.73784423
  3.09319735   -6.30542191   -0.51993138    6.37527324
  2.94329366   -7.52581736   -0.23901114    7.60896643
  2.83844888   -4.98446280   -0.69245819    6.64355163
  1.45053721   -6.31399149   -0.68436697    8.40477470
  1.46234903   -5.69336801    0.93313384    8.12017323
  1.02907059   -5.30858772   -1.20803219    7.45187483
  3.41936838   -6.26728899   -0.36027853    6.57968956
  1.72575613   -5.81372091   -1.18187392    7.04902135
  0.84503147   -6.37594192    0.64514215    7.07076237
  3.01449713   -4.73047114   -1.08835895    7.91429405
  2.24238413   -6.77022673   -1.69801090    8.81513190
  1.15174053   -4.51846844   -1.28990589    8.32757907
  2.70384296   -4.73653949    0.54607088    7.12378686
  2.81207749   -4.25980648    2.13578441    5.68590946
  2.83478970   -5.40460150   -0.57643284    6.83300623
  1.68047465   -4.20051695    0.82560629    7.92156307
  1.89589649   -5.66123481    1.61351299    6.50777157
  1.77719645   -5.71340220    1.21632289    7.56373173
  2.33340779   -5.93263087    1.61430414    9.04151520
  2.63923316   -5.00510359   -0.59955359    9.19436165
  3.73148336   -5.82585757    1.04045783    7.74471297
  1.43376565   -5.41997689   -0.24403619    9.33870055
  1.38057805   -5.56416182   -1.48470305    8.13872168
  1.79324193   -5.47298137   -0.35582167    8.27783249
  3.09180181   -7.33486735    0.35487397    8.12545533
  1.49302944   -5.39050488    1.83525693    7.07585294
  2.78100924   -6.80959443    0.89803036    7.76491322
  1.07839557   -4.72478539    0.25263420    8.08663691
  0.91961092   -4.25207323    0.98435391    8.75442324
  3.55052070   -5.63348324   -0.51424050    4.99754472
  2.55978902   -4.18776759   -1.31033871    6.71490483
  2.22952292   -4.39423431   -0.68700609    8.95555537
  1.63083431   -4.75166889   -1.18516025    8.22082166
  0.98713875   -2.94934358    0.98268792    7.78670141
  2.72513378   -3.87408907   -0.13505219    8.09148130
  2.64438416   -4.61669580   -1.18975038    8.75217516
 -0.28530768   -3.82341031   -0.20702471    6.62360913
  0.28850851   -3.81326097   -0.84533482    7.97992874
  1.03605167   -2.71652715   -0.31401919    5.68794988
  2.85275060   -5.72774887    1.42455193    7.70098059
  1.72424960   -3.54533928    1.49174427    7.66506163
  2.60562388   -4.00638694   -0.74378508    8.82887956
  0.68589272   -5.04945309   -0.37411767    6.83415791
  1.70555926   -5.73827866    0.42436230    8.11432394
  0.57261509   -4.90468071    0.11436731    8.52470264
 -0.71502761   -4.04283918   -0.51085008    6.86218900
  1.43418252   -3.47126921    1.02258147    7.88052318
  1.13202941   -3.13804077   -1.41894313    7.61765752
  0.29817929   -4.06079423    2.54691659    7.39507183
  0.47718824   -3.90565629   -0.35772163    7.07064012
  0.21520453   -2.92969289    0.40154900    6.90659265
  1.48297947   -2.70350047   -0.70596748    6.40092953
 -0.11007885   -2.26191554   -1.02043919    7.10558312
  1.49113262   -5.29103132    1.13418195    6.63885708
  0.57655066   -4.52870525    0.03876344    7.52273966
  0.60122245   -2.96294012    0.23112789    9.13393071
 -0.06977547   -2.12514780    0.12594580    7.27262573
 -0.05984825   -3.99899637    0.69649508    8.54053438
  0.07435670   -3.31968880    1.73968036    8.05686673
 -0.20168193   -3.41144610    0.66558139    8.91939132
 -0.01731545   -2.94833166    0.68773317    7.56241785
  0.01853684   -3.25886297    1.23916749    7.46947553
 -0.88726937   -1.97317606    0.89885931    7.41760822
 -1.14064309   -4.20510143   -1.14990431    6.35142572
 -2.55146275   -0.55743571   -0.26398913    9.60139216
  1.09624308   -3.86583037   -1.62499150    6.14190747
 -0.45063528   -1.41638144    0.58182922    7.44490705
  0.71907408   -1.19040019    1.90267706    7.20242349
  0.07825662   -2.43671706    1.58027637    7.64253736
  1.28518416   -2.01219011    0.92120895    6.13773126
  0.80207305   -2.56262302   -0.93772472    8.34744994
  1.87806281   -1.25001413   -0.73701059    7.52570589
  0.61291535   -1.63562613    0.17995434    7.33992806
  0.89048975   -1.64588369   -0.13165895    8.99065057
 -0.04995514   -0.93753149    0.86809642    8.24357731
 -0.60811964   -1.80235923    1.31455945    9.28768699
 -1.43935985   -0.43587240   -0.25095391    8.88336873
 -1.10754121   -1.58035669   -0.07159575    7.02173103
  2.00385814   -0.78287367    1.09537062    7.31304335
 -1.07516017   -1.31896561    0.48944046    8.81609113
  0.71566536   -0.79963347   -1.67999540    7.15176317
  0.25306238   -1.05231476   -0.81136891    7.49372027
  0.85601383   -0.56325200   -0.75207007    7.11992747
 -0.07476038   -1.49011000   -1.32576596    7.98622972
 -0.14160880    0.20952596   -0.18132939    8.64415826
  0.74597163   -1.24457527    0.13156532    6.95997034
 -0.21628784   -0.45718291    1.39397818    7.06703506
  0.32738461   -1.87856854    0.70636007    8.52262696
  1.48869235    0.72011289    1.16299191    9.27909733
  0.67785538    0.26793986   -0.75354415    8.52130399
 -0.54813353   -0.79559950    0.32206677    6.19603363
 -0.24075969   -1.29957286    1.63584480    7.50048681
  1.44195546   -0.70838231   -0.64765538    7.88340972
 -1.76797309    0.13397324    0.67340102    7.64173183
  0.32721913    0.26367280    1.27369181    7.03995201
  1.54994361    0.59243210   -1.03967689    5.81308616
  0.01138462   -0.55145162    0.48808360    8.77583654
