Bisection         Spectral          Metis 5.0.2       Coordinate         Inertial
Partitions          8     16          8     16          8     16          8     16
----------------------------------------------------------------------------------------------------
airfoil1.mat ........   398    633        320    563        516    819        691   1340
netz4504_dual.mat ...   111    184        110    161        127    198        144    205
stufe.mat ...........   128    238        107    194        123    227        434    817
3elt.mat ............   469    752        395    651        733   1168        823   1256
barth4.mat ..........   550    841        405    689        875   1306       1066   1547
ukerbe1.mat .........   129    240        128    224        225    374          0      0
crack.mat ...........   883   1419        784   1290       1343   1860       1363   2101



Method            Recursive           Direct
Partitions         16     32         16     32
        US        607    988        579    961
        LX        197    322        170    279