 -0.00000000    0.00000000    0.00066397    0.00000000
 -0.31036711    0.08269557    0.00067469    0.00000000
  0.73996073    0.16537867    0.00068572    0.00000000
 -0.80052602    0.24803681    0.00069708    0.00000000
  0.15628927    0.33065752    0.00070879    0.00000000
  0.87960250    0.41322834    0.00072085    0.00000000
 -1.26799311    0.49573681    0.00073328    0.00000000
  0.24913887    0.57817048    0.00074611    0.00000000
  1.28550724    0.66051690    0.00075935    0.00000000
 -1.25861143    0.74276366    0.00077303    0.00000000
 -0.68406638    0.82489835    0.00078716    0.00000000
  1.74571062    0.90690856    0.00080178    0.00000000
  0.11113782    0.98878193    0.00081690    0.00000000
 -1.93666487    1.07050610    0.00083256    0.00000000
  0.15975946    1.15206874    0.00084878    0.00000000
  2.07374679    1.23345755    0.00086560    0.00000000
 -0.05021170    1.31466024    0.00088306    0.00000000
 -2.20583830    1.39566455    0.00090118    0.00000000
 -0.47696952    1.47645828    0.00092001    0.00000000
  2.15976448    1.55702922    0.00093959    0.00000000
  1.37088243    1.63736522    0.00095996    0.00000000
 -1.59050653    1.71745415    0.00098119    0.00000000
 -2.29832942    1.79728394    0.00100332    0.00000000
  0.22248782    1.87684253    0.00102640    0.00000000
  2.52187166    1.95611793    0.00105051    0.00000000
  1.64672258    2.03509816    0.00107572    0.00000000
 -1.26841011    2.11377132    0.00110209    0.00000000
 -2.77184268    2.19212553    0.00112971    0.00000000
 -1.21901337    2.27014896    0.00115867    0.00000000
  1.66214898    2.34782985    0.00118906    0.00000000
  2.90863872    2.42515648    0.00122100    0.00000000
  1.35424209    2.50211717    0.00125459    0.00000000
 -1.48030791    2.57870031    0.00128996    0.00000000
 -3.04378441    2.65489436    0.00132726    0.00000000
 -2.04791531    2.73068780    0.00136663    0.00000000
  0.62092152    2.80606921    0.00140825    0.00000000
  2.83770244    2.88102720    0.00145230    0.00000000
  2.96842065    2.95555048    0.00149898    0.00000000
  0.98748092    3.02962779    0.00154852    0.00000000
 -1.68393624    3.10324796    0.00160118    0.00000000
 -3.27540807    3.17639987    0.00165722    0.00000000
 -2.82497431    3.24907250    0.00171697    0.00000000
 -0.67290952    3.32125487    0.00178076    0.00000000
  1.88004673    3.39293609    0.00184897    0.00000000
  3.40510233    3.46410535    0.00192205    0.00000000
  3.12614793    3.53475191    0.00200047    0.00000000
  1.24860262    3.60486510    0.00208477    0.00000000
 -1.24914148    3.67443436    0.00217556    0.00000000
 -3.16556694    3.74344918    0.00227353    0.00000000
 -3.65064729    3.81189914    0.00237945    0.00000000
 -2.54286729    3.87977392    0.00249421    0.00000000
 -0.36421401    3.94706328    0.00261880    0.00000000
  1.96570479    4.01375707    0.00275436    0.00000000
  3.53350760    4.07984521    0.00290220    0.00000000
  3.77758242    4.14531775    0.00306380    0.00000000
  2.65641960    4.21016479    0.00324088    0.00000000
  0.60909843    4.27437656    0.00343541    0.00000000
 -1.64355118    4.33794336    0.00364966    0.00000000
 -3.36405350    4.40085561    0.00388629    0.00000000
 -4.03306843    4.46310381    0.00414837    0.00000000
 -3.48561385    4.52467856    0.00443949    0.00000000
 -1.92379737    4.58557059    0.00476387    0.00000000
  0.17760140    4.64577069    0.00512647    0.00000000
  2.22885966    4.70526979    0.00553316    0.00000000
  3.69332035    4.76405890    0.00599089    0.00000000
  4.21987413    4.82212917    0.00650795    0.00000000
  3.71184708    4.87947182    0.00709429    0.00000000
  2.32534479    4.93607820    0.00776188    0.00000000
  0.40846799    4.99193977    0.00852519    0.00000000
 -1.59541185    5.04704810    0.00940186    0.00000000
 -3.25318648    5.10139488    0.01041347    0.00000000
 -4.23219253    5.15497190    0.01158660    0.00000000
 -4.35849339    5.20777109    0.01295424    0.00000000
 -3.63626159    5.25978447    0.01455754    0.00000000
 -2.23029756    5.31100420    0.01644831    0.00000000
 -0.42052627    5.36142255    0.01869221    0.00000000
  1.45895365    5.41103190    0.02137324    0.00000000
  3.08305600    5.45982478    0.02459978    0.00000000
  4.18980401    5.50779383    0.02851305    0.00000000
  4.61752581    5.55493179    0.03329899    0.00000000
  4.32149710    5.60123157    0.03920518    0.00000000
  3.37033888    5.64668618    0.04656530    0.00000000
  1.92562109    5.69128875    0.05583499    0.00000000
  0.21012047    5.73503255    0.06764534    0.00000000
 -1.52903546    5.77791100    0.08288402    0.00000000
 -3.05639683    5.81991760    0.10282076    0.00000000
 -4.17854413    5.86104604    0.12930519    0.00000000
 -4.76548687    5.90129010    0.16508572    0.00000000
 -4.76155503    5.94064371    0.21433484    0.00000000
 -4.18584265    5.97910092    0.28353478    0.00000000
 -3.12357065    6.01665595    0.38300386    0.00000000
 -1.71063287    6.05330312    0.52957741    0.00000000
 -0.11404442    6.08903690    0.75136677    0.00000000
  1.48893986    6.12385189    1.09612376    0.00000000
  2.93055230    6.15774286    1.64506654    0.00000000
  4.06911373    6.19070468    2.53117805    0.00000000
  4.80117980    6.22273238    3.94357401    0.00000000
  5.06857343    6.25382112    6.04369350    0.00000000
  4.86026754    6.28396622    8.67334058    0.00000000
  4.20959982    6.31316313   11.08283148    0.00000000
  3.18768137    6.34140743   12.49192657    0.00000000
  1.89409128    6.36869488   12.94950912    0.00000000
  0.44603667    6.39502135   13.00494668    0.00000000
 -1.03287952    6.42038287   13.00243386   10.09186058
 -2.42327494    6.44477561   12.85262559   10.09186058
 -3.61918120    6.46819589   12.07602592   10.09186058
 -4.53524338    6.49064018   10.22300189   10.09186058
 -5.11160089    6.51210510    7.61279901   10.09186058
 -5.31635593    6.53258739    5.14358433   10.09186058
 -5.14573711    6.55208398    3.33293000   10.09186058
 -4.62222541    6.57059192    2.16307933   10.09186058
 -3.79102279    6.58810841    1.44050214   10.09186058
 -2.71531031    6.60463082    0.99656038   10.09186058
 -1.47076537    6.62015666    0.72174584   10.09186058
 -0.13979370    6.63468357    0.55117115   10.09186058
  1.19411257    6.64820936    0.44750889   10.09186058
  2.45154424    6.66073201    0.38971284   10.09186058
  3.56160363    6.67224961    0.36660679   10.09186058
  4.46540731    6.68276042    0.37356773   10.09186058
  5.11856068    6.69226287    0.41116077   10.09186058
  5.49257742    6.70075552    0.48522299   10.09186058
  5.57528343    6.70823709    0.60841582   10.09186058
  5.37029762    6.71470644    0.80379908   10.09186058
  4.89572246    6.72016261    1.11167342   10.09186058
  4.18220285    6.72460476    1.60176602   10.09186058
  3.27052552    6.72803224    2.39271134   10.09186058
  2.20893290    6.73044451    3.67394334   10.09186058
  1.05031757    6.73184122    5.69176342   10.09186058
 -0.15055204    6.73222216    8.57635849   10.09186058
 -1.33964500    6.73158727   11.90875478   10.09186058
 -2.46601501    6.72993664   14.60309495   10.09186058
 -3.48380217    6.72727052   15.94373614   10.09186058
 -4.35383654    6.72358933   16.29380405   10.09186058
 -5.04481533    6.71889360   16.32878872   -2.52296515
 -5.53404849    6.71318405   16.32029438   -2.52296515
 -5.80778687    6.70646155   15.98810334   -2.52296515
 -5.86116345    6.69872710   14.65594319   -2.52296515
 -5.69779079    6.68998188   11.98064472   -2.52296515
 -5.32906661    6.68022719    8.70167420   -2.52296515
 -4.77324496    6.66946453    5.90413656   -2.52296515
 -4.05433286    6.65769550    4.00037395   -2.52296515
 -3.20087174    6.64492188    2.86745729   -2.52296515
 -2.24466023    6.63114561    2.27976705   -2.52296515
 -1.21947037    6.61636876    2.08120850   -2.52296515
 -0.15980331    6.60059356    2.20315377   -2.52296515
  0.90027646    6.58382239    2.64718162   -2.52296515
  1.92819662    6.56605778    3.46012973   -2.52296515
  2.89379796    6.54730241    4.68128080   -2.52296515
  3.77010430    6.52755911    6.23209667   -2.52296515
  4.53393143    6.50683086    7.80883335   -2.52296515
  5.16633195    6.48512080    8.99783993   -2.52296515
  5.65287827    6.46243219    9.61411572   -2.52296515
  5.98379116    6.43876845    9.80485091   -2.52296515
  6.15392490    6.41413316    9.81932350   -2.52296515
  6.16262351    6.38853004    9.80694895    5.04593029
  6.01346454    6.36196295    9.75868989    5.04593029
  5.71390847    6.33443590    9.50888318    5.04593029
  5.27487240    6.30595304    8.80439643    5.04593029
  4.71024685    6.27651866    7.52065450    5.04593029
  4.03637399    6.24613722    5.87324001    5.04593029
  3.27150444    6.21481329    4.27286174    5.04593029
  2.43524887    6.18255161    2.99060427    5.04593029
  1.54803855    6.14935703    2.07132119    5.04593029
  0.63060746    6.11523457    1.44531338    5.04593029
 -0.29649329    6.08018938    1.02543348    5.04593029
 -1.21334021    6.04422674    0.74261148    5.04593029
 -2.10103458    6.00735209    0.54950982    5.04593029
 -2.94204705    5.96957097    0.41536013    5.04593029
 -3.72050685    5.93088911    0.32044792    5.04593029
 -4.42243390    5.89131233    0.25209625    5.04593029
 -5.03591406    5.85084660    0.20205550    5.04593029
 -5.55121876    5.80949804    0.16487254    5.04593029
 -5.96087147    5.76727287    0.13688120    5.04593029
 -6.25966436    5.72417747    0.11557443    5.04593029
 -6.44462910    5.68021835    0.09920963    5.04593029
 -6.51496676    5.63540214    0.08655677    5.04593029
 -6.47194135    5.58973559    0.07673532    5.04593029
 -6.31874275    5.54322561    0.06910680    5.04593029
 -6.06032389    5.49587920    0.06320308    5.04593029
 -5.70321789    5.44770351    0.05867765    5.04593029
 -5.25533997    5.39870582    0.05527221    5.04593029
 -4.72577937    5.34889351    0.05279328    5.04593029
 -4.12458559    5.29827410    0.05109586    5.04593029
 -3.46255353    5.24685523    0.05007173    5.04593029
 -2.75101112    5.19464465    0.04964110    5.04593029
 -2.00161305    5.14165026    0.04974666    5.04593029
 -1.22614355    5.08788003    0.05034922    5.04593029
 -0.43633059    5.03334209    0.05142474    5.04593029
  0.35632614    4.97804466    0.05296218    5.04593029
  1.14071206    4.92199609    0.05496216    5.04593029
  1.90623803    4.86520484    0.05743617    5.04593029
  2.64296334    4.80767948    0.06040632    5.04593029
  3.34170090    4.74942867    0.06390551    5.04593029
  3.99410448    4.69046123    0.06797804    5.04593029
  4.59273823    4.63078603    0.07268069    5.04593029
  5.13112875    4.57041209    0.07808422    5.04593029
  5.60380062    4.50934852    0.08427550    5.04593029
  6.00629586    4.44760453    0.09136022    5.04593029
  6.33517874    4.38518943    0.09946640    5.04593029
  6.58802670    4.32211265    0.10874889    5.04593029
  6.76340888    4.25838370    0.11939506    5.04593029
  6.86085333    4.19401221    0.13163206    5.04593029
  6.88080433    4.12900787    0.14573605    5.04593029
  6.82457122    4.06338050    0.16204406    5.04593029
  6.69426994    3.99714001    0.18096915    5.04593029
  6.49275863    3.93029638    0.20302003    5.04593029
  6.22356862    3.86285971    0.22882652    5.04593029
  5.89083198    3.79484017    0.25917278    5.04593029
  5.49920677    3.72624802    0.29504081    5.04593029
  5.05380105    3.65709362    0.33766795    5.04593029
  4.56009673    3.58738739    0.38862297    5.04593029
  4.02387401    3.51713986    0.44990721    5.04593029
  3.45113743    3.44636162    0.52408954    5.04593029
  2.84804406    3.37506336    0.61448632    5.04593029
  2.22083456    3.30325583    0.72540079    5.04593029
  1.57576769    3.23094987    0.86243917    5.04593029
  0.91905864    3.15815640    1.03292136    5.04593029
  0.25682162    3.08488638    1.24639915    5.04593029
 -0.40498306    3.01115088    1.51527413    5.04593029
 -1.06059713    2.93696103    1.85545527    5.04593029
 -1.70450761    2.86232802    2.28687818    5.04593029
 -2.33148512    2.78726311    2.83347717    5.04593029
 -2.93661723    2.71177762    3.52180772    5.04593029
 -3.51533677    2.63588295    4.37699663    5.04593029
 -4.06344535    2.55959056    5.41439703    5.04593029
 -4.57713215    2.48291194    6.62625823    5.04593029
 -5.05298804    2.40585867    7.96647818    5.04593029
 -5.48801549    2.32844239    9.34316247    5.04593029
 -5.87963414    2.25067476   10.63241804    5.04593029
 -6.22568262    2.17256752   11.71679250    5.04593029
 -6.52441662    2.09413247   12.52914018    5.04593029
 -6.77450369    2.01538143   13.07232340    5.04593029
 -6.97501486    1.93632628   13.40458183    5.04593029
 -7.12541354    1.85697896   13.60724664    5.04593029
 -7.22554191    1.77735145   13.75653099    5.04593029
 -7.27560509    1.69745574   13.90825788    5.04593029
 -7.27615337    1.61730391   14.09280790   -5.04593029
 -7.22806286    1.53690803   14.31463775   -5.04593029
 -7.13251471    1.45628026   14.55319119   -5.04593029
 -6.99097325    1.37543274   14.76603997   -5.04593029
 -6.80516329    1.29437768   14.89869899   -5.04593029
 -6.57704678    1.21312732   14.90614264   -5.04593029
 -6.30879906    1.13169390   14.78414493   -5.04593029
 -6.00278497    1.05008972   14.59400000   -5.04593029
 -5.66153494    0.96832709   14.45589859   -5.04593029
 -5.28772124    0.88641835   14.50231422   -5.04593029
 -4.88413463    0.80437586   14.81388336   -5.04593029
 -4.45366146    0.72221200   15.37454147   -5.04593029
 -3.99926145    0.63993916   16.07126167   -5.04593029
 -3.52394612    0.55756975   16.74139125   -5.04593029
 -3.03075818    0.47511622   17.24414378   -5.04593029
 -2.52275178    0.39259100   17.51414347   -5.04593029
 -2.00297376    0.31000653   17.56815926   -5.04593029
 -1.47444600    0.22737529   17.47365015   -5.04593029
 -0.94014889    0.14470975   17.30900713   -5.04593029
 -0.40300592    0.06202236   17.13617170   -5.04593029
  0.13413057   -0.02067438   16.98822350    7.56889544
  0.66849237   -0.10336800   16.86561585    7.56889544
  1.19740723   -0.18604603   16.73530376    7.56889544
  1.71830957   -0.26869598   16.53149518    7.56889544
  2.22874983   -0.35130539   16.16181525    7.56889544
  2.72640283   -0.43386179   15.52591899    7.56889544
  3.20907488   -0.51635273   14.55030989    7.56889544
  3.67470984   -0.59876575   13.22903618    7.56889544
  4.12139405   -0.68108842   11.64348385    7.56889544
  4.54736024   -0.76330833    9.93953148    7.56889544
  4.95099050   -0.84541305    8.27329688    7.56889544
  5.33081819   -0.92739021    6.76219277    7.56889544
  5.68552908   -1.00922744    5.46639523    7.56889544
  6.01396152   -1.09091239    4.39741130    7.56889544
  6.31510591   -1.17243272    3.53705364    7.56889544
  6.58810337   -1.25377615    2.85432923    7.56889544
  6.83224369   -1.33493039    2.31612795    7.56889544
  7.04696275   -1.41588320    1.89246696    7.56889544
  7.23183926   -1.49662237    1.55831471    7.56889544
  7.38659100   -1.57713572    1.29367376    7.56889544
  7.51107057   -1.65741108    1.08294955    7.56889544
  7.60526075   -1.73743636    0.91413215    7.56889544
  7.66926945   -1.81719948    0.77802150    7.56889544
  7.70332432   -1.89668840    0.66757584    7.56889544
  7.70776712   -1.97589112    0.57739433    7.56889544
  7.68304782   -2.05479570    0.50331863    7.56889544
  7.62971852   -2.13339023    0.44213100    7.56889544
  7.54842722   -2.21166286    0.39132746    7.56889544
  7.43991145   -2.28960176    0.34894766    7.56889544
  7.30499188   -2.36719518    0.31344740    7.56889544
  7.14456582   -2.44443141    0.28360281    7.56889544
  6.95960076   -2.52129880    0.25843795    7.56889544
  6.75112793   -2.59778575    0.23717007    7.56889544
  6.52023585   -2.67388072    0.21916779    7.56889544
  6.26806406   -2.74957222    0.20391906    7.56889544
  5.99579684   -2.82484884    0.19100655    7.56889544
  5.70465714   -2.89969922    0.18008846    7.56889544
  5.39590056   -2.97411205    0.17088365    7.56889544
  5.07080960   -3.04807612    0.16315994    7.56889544
  4.73068798   -3.12158027    0.15672492    7.56889544
  4.37685521   -3.19461339    0.15141862    7.56889544
  4.01064132   -3.26716448    0.14710771    7.56889544
  3.63338186   -3.33922258    0.14368088    7.56889544
  3.24641303   -3.41077682    0.14104506    7.56889544
  2.85106712   -3.48181641    0.13912243    7.56889544
  2.44866813   -3.55233062    0.13784798    7.56889544
  2.04052764   -3.62230882    0.13716749    7.56889544
  1.62794094   -3.69174045    0.13703595    7.56889544
  1.21218335   -3.76061503    0.13741621    7.56889544
  0.79450683   -3.82892216    0.13827789    7.56889544
  0.37613682   -3.89665154    0.13959652    7.56889544
 -0.04173071   -7.32990801    0.14135276    7.56889544
 -0.45793195   -7.39645132    0.14353183    7.56889544
 -0.87133770   -7.46238649    0.14612305    7.56889544
 -1.28085561   -7.52770358    0.14911937    7.56889544
 -1.68543216   -7.59239272    0.15251712    7.56889544
 -2.08405450   -7.65644415    0.15631570    7.56889544
 -2.47575195   -7.71984821    0.16051742    7.56889544
 -2.85959744   -7.78259533    0.16512733    7.56889544
 -3.23470862   -7.84467604    0.17015310    7.56889544
 -3.60024883   -7.90608098    0.17560499    7.56889544
 -3.95542792   -7.96680088    0.18149575    7.56889544
 -4.29950283   -8.02682658    0.18784070    7.56889544
 -4.63177799   -8.08614902    0.19465766    7.56889544
 -4.95160566   -8.14475925    0.20196707    7.56889544
 -5.25838596   -8.20264843    0.20979205    7.56889544
 -5.55156690   -8.25980782    0.21815850    7.56889544
 -5.83064416   -8.31622879    0.22709521    7.56889544
 -6.09516082   -8.37190284    0.23663406    7.56889544
 -6.34470687   -8.42682156    0.24681019    7.56889544
 -6.57891873   -8.48097666    0.25766219    7.56889544
 -6.79747854   -8.53435998    0.26923240    7.56889544
 -7.00011345   -8.58696346    0.28156712    7.56889544
 -7.18659474   -8.63877916    0.29471696    7.56889544
 -7.35673688   -8.68979926    0.30873721    7.56889544
 -7.51039655   -8.74001607    0.32368819    7.56889544
 -7.64747156   -8.78942200    0.33963569    7.56889544
 -7.76789966   -8.83800961    0.35665148    7.56889544
 -7.87165737   -8.88577156    0.37481382    7.56889544
 -7.95875875   -8.93270064    0.39420807    7.56889544
 -8.02925405   -8.97878978    0.41492732    7.56889544
 -8.08322841   -9.02403201    0.43707316    7.56889544
 -8.12080049   -9.06842051    0.46075643    7.56889544
 -8.14212107   -9.11194859    0.48609813    7.56889544
 -8.14737163   -9.15460968    0.51323039    7.56889544
 -8.13676292   -9.19639733    0.54229755    7.56889544
 -8.11053353   -9.23730525    0.57345732    7.56889544
 -8.06894839   -9.27732726    0.60688210    7.56889544
 -8.01229740   -9.31645732    0.64276037    7.56889544
 -7.94089389   -9.35468953    0.68129829    7.56889544
 -7.85507321   -9.39201812    0.72272133    7.56889544
 -7.75519131   -9.42843745    0.76727621    7.56889544
 -7.64162327   -9.46394204    0.81523281    7.56889544
 -7.51476191   -9.49852651    0.86688642    7.56889544
 -7.37501638   -9.53218567    0.92256003    7.56889544
 -7.22281081   -9.56491442    0.98260683    7.56889544
 -7.05858293   -9.59670782    1.04741286    7.56889544
 -6.88278275   -9.62756109    1.11739979    7.56889544
 -6.69587127   -9.65746956    1.19302778    7.56889544
 -6.49831921   -9.68642873    1.27479845    7.56889544
 -6.29060574   -9.71443421    1.36325777    7.56889544
 -6.07321731   -9.74148179    1.45899894    7.56889544
 -5.84664645   -9.76756739    1.56266498    7.56889544
 -5.61139065   -9.79268707    1.67495099    7.56889544
 -5.36795121   -9.81683704    1.79660582    7.56889544
 -5.11683226   -9.84001365    1.92843284    7.56889544
 -4.85853963   -9.86221341    2.07128964    7.56889544
 -4.59357992   -9.88343296    2.22608597    7.56889544
 -4.32245953   -9.90366911    2.39377968    7.56889544
 -4.04568373   -9.92291881    2.57536990    7.56889544
 -3.76375582   -9.94117914    2.77188678    7.56889544
 -3.47717624   -9.95844736    2.98437696    7.56889544
 -3.18644180   -9.97472085    3.21388397    7.56889544
 -2.89204495   -9.98999717    3.46142247    7.56889544
 -2.59447297  -10.00427400    3.72794566    7.56889544
 -2.29420739  -10.01754919    4.01430484    7.56889544
 -1.99172328  -10.02982075    4.32120081    7.56889544
 -1.68748863  -10.04108681    4.64912693    7.56889544
 -1.38196385  -10.05134568    4.99830466    7.56889544
 -1.07560116  -10.06059581    5.36861294    7.56889544
 -0.76884413  -10.06883580    5.75951450    7.56889544
 -0.46212722  -10.07606441    6.16998314    7.56889544
 -0.15587533  -10.08228055    6.59843789    7.56889544
  0.14949660  -10.08748329    7.04269121    7.56889544
  0.45358390  -10.09167183    7.49991956    7.56889544
  0.75599257  -10.09484554    7.96666461    7.56889544
  1.05633953  -10.09700396    8.43887307    7.56889544
  1.35425292  -10.09814674    8.91198014    7.56889544
  1.64937230  -10.09827372    9.38103850    7.56889544
  1.94134890  -10.09738488    9.84088918    7.56889544
  2.22984576  -10.09548035   10.28636565    7.56889544
  2.51453794  -10.09256042   10.71251653    7.56889544
  2.79511260  -10.08862553   11.11482895    7.56889544
  3.07126912  -10.08367628   11.48943250    7.56889544
  3.34271918  -10.07771340   11.83326533    7.56889544
  3.60918682  -10.07073781   12.14418783    7.56889544
  3.87040848  -10.06275055   12.42103545    7.56889544
  4.12613299  -10.05375284   12.66360958    7.56889544
  4.37612158  -10.04374601   12.87261209    7.56889544
  4.62014786  -10.03273160   13.04953442    7.56889544
  4.85799776  -10.02071125   13.19651544    7.56889544
  5.08946948  -10.00768678   13.31618305    7.56889544
  5.31437338   -9.99366017   13.41149316    7.56889544
  5.53253194   -9.97863351   13.48557741    7.56889544
  5.74377960   -9.96260909   13.54160748    7.56889544
  5.94796266   -9.94558931   13.58268033    7.56889544
  6.14493913   -9.92757676   13.61172624    7.56889544
  6.33457858   -9.90857414   13.63143857    7.56889544
  6.51676200   -9.88858432   13.64422318    7.56889544
  6.69138161   -9.86761032   13.65216413    7.56889544
  6.85834066   -9.84565530   13.65700226    7.56889544
  7.01755328   -9.82272258   13.66012305    7.56889544
  7.16894424   -9.79881562   13.66255095    7.56889544
  7.31244877   -9.77393802   13.66494755    7.56889544
  7.44801232   -9.74809354   13.66761181   -3.02755818
  7.57559035   -9.72128607   13.67048115   -3.02755818
  7.69514811   -9.69351967   13.67313317   -3.02755818
  7.80666039   -9.66479852   13.67478798   -3.02755818
  7.91011127   -9.63512696   13.67431254   -3.02755818
  8.00549393   -9.60450946   13.67022830   -3.02755818
  8.09281034   -9.57295065   13.66072505   -3.02755818
  8.17207105   -9.54045528   13.64368367   -3.02755818
  8.24329492   -9.50702825   13.61671170   -3.02755818
  8.30650887   -9.47267462   13.57719554   -3.02755818
  8.36174765   -9.43739957   13.52237337   -3.02755818
  8.40905351   -9.40120841   13.44943229   -3.02755818
  8.44847605   -9.36410662   13.35563215   -3.02755818
  8.48007185   -9.32609978   13.23845712   -3.02755818
  8.50390429   -9.28719363   13.09579349   -3.02755818
  8.52004326   -9.24739405   12.92612995   -3.02755818
  8.52856492   -9.20670703   12.72877396   -3.02755818
  8.52955141   -9.16513873   12.50407594   -3.02755818
  8.52309063   -9.12269540   12.25365305   -3.02755818
  8.50927599   -9.07938346   11.98060524   -3.02755818
  8.48820613   -9.03520944   11.68972062   -3.02755818
  8.45998468   -8.99018000   11.38767117   -3.02755818
  8.42472002   -8.94430194   11.08320266   -3.02755818
  8.38252506   -8.89758219   10.78731737   -3.02755818
  8.33351696   -8.85002779   10.51342221   -3.02755818
  8.27781690   -8.80164591   10.27735081   -3.02755818
  8.21554986   -8.75244387   10.09703540   -3.02755818
  8.14684440   -8.70242907    9.99138262   -3.02755818
  8.07183241   -8.65160908    9.97763034   -3.02755818
  7.99064888   -8.59999155   10.06636053   -3.02755818
  7.90343171   -8.54758427   10.25401979   -3.02755818
  7.81032149   -8.49439517   10.51507658   -3.02755818
  7.71146127   -8.44043225   10.79950270   -3.02755818
  7.60699636   -8.38570366   11.04236693   -3.02755818
  7.49707415   -8.33021766   11.18554612   -3.02755818
  7.38184387   -8.27398262   11.19961674   -3.02755818
  7.26145645   -8.21700703   11.09106821   -3.02755818
  7.13606429   -8.15929949   10.89216597   -3.02755818
  7.00582109   -8.10086870   10.64365118   -3.02755818
  6.87088169   -8.04172348   10.38090045   -3.02755818
  6.73140185   -7.98187275   10.12688754   -3.02755818
  6.58753812   -7.92132554    9.88993703    2.27066863
  6.43944768   -7.86009100    9.66338499    2.27066863
  6.28728815   -7.79817835    9.42581550    2.27066863
  6.13121745   -7.73559695    9.14270115    2.27066863
  5.97139364   -7.67235623    8.77209085    2.27066863
  5.80797480   -7.60846574    8.27692402    2.27066863
  5.64111886   -7.54393512    7.64231905    2.27066863
  5.47098348   -7.47877410    6.88868357    2.27066863
  5.29772593   -7.41299252    6.06912579    2.27066863
  5.12150292   -7.34660030    5.25005668    2.27066863
  4.94247052   -7.27960746    4.48801908    2.27066863
  4.76078403   -7.21202412    3.81676571    2.27066863
  4.57659787   -7.14386046    3.24738425    2.27066863
  4.39006545   -7.07512677    2.77545942    2.27066863
  4.20133911   -7.00583343    2.38886650    2.27066863
  4.01056997   -6.93599089    2.07325842    2.27066863
  3.81790787   -6.86560968    1.81502275    2.27066863
  3.62350125   -6.79470044    1.60248374    2.27066863
  3.42749711   -6.72327385    1.42614353    2.27066863
  3.23004088   -6.65134069    1.27849256    2.27066863
  3.03127635   -6.57891183    1.15367783    2.27066863
  2.83134561   -6.50599818    1.04716345    2.27066863
  2.63038900   -6.43261076    0.95543506    2.27066863
  2.42854498   -6.35876063    0.87576084    2.27066863
  2.22595012   -6.28445893    0.80600545    2.27066863
  2.02273902   -6.20971689    0.74448805    2.27066863
  1.81904427   -6.13454577    0.68987516    2.27066863
  1.61499637   -6.05895692    0.64109994    2.27066863
  1.41072371   -5.98296174    0.59730152    2.27066863
  1.20635250   -5.90657171    0.55777924    2.27066863
  1.00200675   -5.82979834    0.52195796    2.27066863
  0.79780822   -5.75265323    0.48936165    2.27066863
  0.59387638   -5.67514801    0.45959313    2.27066863
  0.39032838   -5.59729437    0.43231847    2.27066863
  0.18727904   -5.51910408    0.40725488    2.27066863
 -0.01515921   -5.44058891    0.38416118    2.27066863
 -0.21687633   -5.36176073    0.36283035    2.27066863
 -0.41776471   -5.28263143    0.34308361    2.27066863
 -0.61771916   -5.20321293    0.32476567    2.27066863
 -0.81663695   -5.12351724    0.30774090    2.27066863
 -1.01441783   -5.04355637    0.29189028    2.27066863
 -1.21096402   -4.96334239    0.27710885    2.27066863
 -1.40618021   -4.88288740    0.26330367    2.27066863
 -1.59997361   -4.80220355    0.25039208    2.27066863
 -1.79225391   -4.72130300    0.23830033    2.27066863
 -1.98293331   -4.64019797    0.22696234    2.27066863
 -2.17192650   -4.55890069    0.21631875    2.27066863
 -2.35915067   -4.47742343    0.20631604    2.27066863
 -2.54452551   -4.39577848    0.19690587    2.27066863
 -2.72797320   -4.31397817    0.18804442    2.27066863
 -2.90941839   -4.23203483    0.17969186    2.27066863
 -3.08878821   -4.14996084    0.17181197    2.27066863
 -3.26601225   -4.06776857    0.16437166    2.27066863
 -3.44102256   -3.98547042    0.15734071    2.27066863
 -3.61375360   -3.90307882    0.15069142    2.27066863
 -3.78414228   -3.82060620    0.14439837    2.27066863
 -3.95212790   -3.73806500    0.13843820    2.27066863
 -4.11765213   -3.65546767    0.13278942    2.27066863
 -4.28065904   -3.57282668    0.12743219    2.27066863
 -4.44109503   -3.49015451    0.12234822    2.27066863
 -4.59890882   -3.40746361    0.11752057    2.27066863
 -4.75405146   -3.32476648    0.11293360    2.27066863
 -4.90647624   -3.24207559    0.10857277    2.27066863
 -5.05613874   -3.15940341    0.10442463    2.27066863
 -5.20299676   -3.07676243    0.10047666    2.27066863
 -5.34701030   -2.99416510    0.09671722    2.27066863
 -5.48814154   -2.91162390    0.09313550    2.27066863
 -5.62635482   -2.82915128    0.08972141    2.27066863
 -5.76161659   -2.74675968    0.08646554    2.27066863
 -5.89389541   -2.66446153    0.08335911    2.27066863
 -6.02316187   -2.58226926    0.08039393    2.27066863
 -6.14938864   -2.50019526    0.07756232    2.27066863
 -6.27255036   -2.41825192    0.07485713    2.27066863
 -6.39262364   -2.33645161    0.07227163    2.27066863
 -6.50958706   -2.25480666    0.06979954    2.27066863
 -6.62342109   -2.17332940    0.06743496    2.27066863
 -6.73410807   -2.09203212    0.06517235    2.27066863
 -6.84163220   -2.01092709    0.06300652    2.27066863
 -6.94597947   -1.93002655    0.06093260    2.27066863
 -7.04713768   -1.84934269    0.05894599    2.27066863
 -7.14509634   -1.76888770    0.05704239    2.27066863
 -7.23984669   -1.68867373    0.05521773    2.27066863
 -7.33138165   -1.60871286    0.05346819    2.27066863
 -7.41969578   -1.52901716    0.05179018    2.27066863
 -7.50478524   -1.44959867    0.05018031    2.27066863
 -7.58664777   -1.37046936    0.04863538    2.27066863
 -7.66528267   -1.29164118    0.04715236    2.27066863
 -7.74069073   -1.21312602    0.04572842    2.27066863
 -7.81287422   -1.13493572    0.04436088    2.27066863
 -7.88183684   -1.05708209    0.04304719    2.27066863
 -7.94758371   -0.97957687    0.04178495    2.27066863
 -8.01012131   -0.90243176    0.04057192    2.27066863
 -8.06945747   -0.82565839    0.03940594    2.27066863
 -8.12560132   -0.74926835    0.03828500    2.27066863
 -8.17856327   -0.67327318    0.03720719    2.27066863
 -8.22835494   -0.59768433    0.03617070    2.27066863
 -8.27498919   -0.52251321    0.03517381    2.27066863
 -8.31848003   -0.44777116    0.03421492    2.27066863
 -8.35884262   -0.37346947    0.03329250    2.27066863
 -8.39609323   -0.29961934    0.03240511    2.27066863
 -8.43024918   -0.22623191    0.03155137    2.27066863
 -8.46132888   -0.15331827    0.03073000    2.27066863
 -8.48935170   -0.08088940    0.02993977    2.27066863
 -8.51433803   -0.00895625    0.02917955    2.27066863
 -8.53630917    0.06247034    0.02844824    2.27066863
 -8.55528738    0.13337959    0.02774481    2.27066863
 -8.57129578    0.20376079    0.02706831    2.27066863
 -8.58435835    0.27360333    0.02641782    2.27066863
 -8.59449991    0.34289668    0.02579249    2.27066863
 -8.60174607    0.41163036    0.02519152    2.27066863
 -8.60612319    0.47979402    0.02461416    2.27066863
 -8.60765841    0.54737737    0.02405970    2.27066863
 -8.60637955    0.61437021    0.02352749    2.27066863
 -8.60231512    0.68076242    0.02301693    2.27066863
 -8.59549429    0.74654400    0.02252745    2.27066863
 -8.58594686    0.81170502    0.02205854    2.27066863
 -8.57370324    0.87623564    0.02160972    2.27066863
 -8.55879438    0.94012613    0.02118056    2.27066863
 -8.54125182    1.00336685    0.02077068    2.27066863
 -8.52110760    1.06594825    0.02037972    2.27066863
 -8.49839427    1.12786090    0.02000739    2.27066863
 -8.47314484    1.18909545    0.01965344    2.27066863
 -8.44539277    1.24964265    0.01931764    2.27066863
 -8.41517197    1.30949338    0.01899983    2.27066863
 -8.38251671    1.36863860    0.01869988    2.27066863
 -8.34746167    1.42706939    0.01841772    2.27066863
 -8.31004187    1.48477694    0.01815333    2.27066863
 -8.27029267    1.54175253    0.01790671    2.27066863
 -8.22824972    1.59798756    0.01767796    2.27066863
 -8.18394899    1.65347356    0.01746720    2.27066863
 -8.13742669    1.70820215    0.01727461    2.27066863
 -8.08871929    1.76216507    0.01710046    2.27066863
 -8.03786350    1.81535418    0.01694506    2.27066863
 -7.98489620    1.86776145    0.01680880    2.27066863
 -7.92985448    1.91937898    0.01669214    2.27066863
 -7.87277561    1.97019898    0.01659563    2.27066863
 -7.81369698    2.02021377    0.01651991    2.27066863
 -7.75265613    2.06941582    0.01646570    2.27066863
 -7.68969070    2.11779769    0.01643384    2.27066863
 -7.62483845    2.16535209    0.01642528    2.27066863
 -7.55813718    2.21207185    0.01644110    2.27066863
 -7.48962479    2.25794990    0.01648250    2.27066863
 -7.41933920    2.30297934    0.01655087    2.27066863
 -7.34731837    2.34715336    0.01664773    2.27066863
 -7.27360026    2.39046530    0.01677480    2.27066863
 -7.19822286    2.43290863    0.01693401    2.27066863
 -7.12122410    2.47447694    0.01712753    2.27066863
 -7.04264192    2.51516395    0.01735777    2.27066863
 -6.96251420    2.55496353    0.01762743    2.27066863
 -6.88087874    2.59386968    0.01793956    2.27066863
 -6.79777331    2.63187652    0.01829754    2.27066863
 -6.71323556    2.66897832    0.01870518    2.27066863
 -6.62730307    2.70516947    0.01916675    2.27066863
 -6.54001328    2.74044453    0.01968705    2.27066863
 -6.45140355    2.77479816    0.02027145    2.27066863
 -6.36151107    2.80822518    0.02092604    2.27066863
 -6.27037291    2.84072055    0.02165765    2.27066863
 -6.17802596    2.87227937    0.02247399    2.27066863
 -6.08450699    2.90289687    0.02338379    2.27066863
 -5.98985254    2.93256843    0.02439693    2.27066863
 -5.89409901    2.96128958    0.02552465    2.27066863
 -5.79728259    2.98905598    0.02677968    2.27066863
 -5.69943925    3.01586344    0.02817658    2.27066863
 -5.60060477    3.04170792    0.02973192    2.27066863
 -5.50081470    3.06658552    0.03146473    2.27066863
 -5.40010436    3.09049248    0.03339680    2.27066863
 -5.29850884    3.11342520    0.03555321    2.27066863
 -5.19606298    3.13538022    0.03796289    2.27066863
 -5.09280136    3.15635422    0.04065932    2.27066863
 -4.98875832    3.17634404    0.04368131    2.27066863
 -4.88396791    3.19534666    0.04707404    2.27066863
 -4.77846392    3.21335922    0.05089024    2.27066863
 -4.67227986    3.23037899    0.05519170    2.27066863
 -4.56544897    3.24640342    0.06005101    2.27066863
 -4.45800416    3.26143007    0.06555381    2.27066863
 -4.34997808    3.27545669    0.07180151    2.27066863
 -4.24140307    3.28848115    0.07891468    2.27066863
 -4.13231114    3.30050150    0.08703724    2.27066863
 -4.02273403    3.31151592    0.09634174    2.27066863
 -3.91270312    3.32152274    0.10703598    2.27066863
 -3.80224951    3.33052046    0.11937144    2.27066863
 -3.69140394    3.33850772    0.13365390    2.27066863
 -3.58019685    3.34548331    0.15025709    2.27066863
 -3.46865832    3.35144618    0.16964027    2.27066863
 -3.35681813    3.35639543    0.19237086    2.27066863
 -3.24470568    3.36033032    0.21915404    2.27066863
 -3.13235007    3.36325025    0.25087131    2.27066863
 -3.01978002    3.36515478    0.28863128    2.27066863
 -2.90702393    3.36604362    0.33383688    2.27066863
 -2.79410982    3.36591664    0.38827448    2.27066863
 -2.68106540    3.36477386    0.45423272    2.27066863
 -2.56791799    3.36261545    0.53466111    2.27066863
 -2.45469456    3.35944173    0.63338166    2.27066863
 -2.34142174    3.35525319    0.75537005    2.27066863
 -2.22812578    3.35005046    0.90712539    2.27066863
 -2.11483259    3.34383431    1.09714706    2.27066863
 -2.00156770    3.33660570    1.33652715    2.27066863
 -1.88835629    3.32836571    1.63963619    2.27066863
 -1.77522317    3.31911558    2.02480434    2.27066863
 -1.66219278    3.30885671    2.51473870    2.27066863
 -1.54928921    3.29759065    3.13611400    2.27066863
 -1.43653617    3.28531910    3.91729045    2.27066863
 -1.32395702    3.27204391    4.88256375    2.27066863
 -1.21157473    3.25776707    6.04131281    2.27066863
 -1.09941192    3.24249076    7.37225645    2.27066863
 -0.98749085    3.22621726    8.80833524    2.27066863
 -0.87583340    3.20894905   10.23494553    2.27066863
 -0.76446110    3.19068871   11.51441279    2.27066863
 -0.65339509    3.17143902   12.53271373    2.27066863
 -0.54265618    3.15120287   13.24084000    2.27066863
 -0.43226478    3.12998331   13.66282900    2.27066863
 -0.32224096    3.10778355   13.87051173    2.27066863
 -0.21260442    3.08460694   13.94795352    2.27066863
 -0.10337450    3.06045697   13.96528706    2.27066863
  0.00542982    3.03533730   13.96628887   13.11941876
  0.11378991    3.00925170   13.96470407   13.11941876
  0.22168753    2.98220412   13.94373951   13.11941876
  0.32910475    2.95419863   13.85672511   13.11941876
  0.43602402    2.92523947   13.63137412   13.11941876
  0.54242816    2.89533099   13.18342962   13.11941876
  0.64830031    2.86447773   12.44420800   13.11941876
  0.75362398    2.83268432   11.39624301   13.11941876
  0.85838301    2.79995557   10.09606885   13.11941876
  0.96256162    2.76629642    8.66230133   13.11941876
  1.06614434    2.73171194    7.23219754   13.11941876
  1.16911607    2.69620736    5.91622173   13.11941876
  1.27146202    2.65978802    4.77643205   13.11941876
  1.37316777    2.62245944    3.83027497   13.11941876
  1.47421922    2.58422723    3.06623260   13.11941876
  1.57460260    2.54509717    2.45920772   13.11941876
  1.67430449    2.50507516    1.98082153   13.11941876
  1.77331179    2.46416724    1.60473513   13.11941876
  1.87161172    2.42237958    1.30868069   13.11941876
  1.96919184    2.37971850    1.07475026   13.11941876
  2.06604001    2.33619042    0.88893321   13.11941876
  2.16214444    2.29180191    0.74042648   13.11941876
  2.25749363    2.24655968    0.62095549   13.11941876
  2.35207642    2.20047055    0.52419305   13.11941876
  2.44588194    2.15354146    0.44529391   13.11941876
  2.53889965    2.10577952    0.38053468   13.11941876
  2.63111928    2.05719191    0.32704048   13.11941876
  2.72253092    2.00778597    0.28257933   13.11941876
  2.81312492    1.95756917    0.24540801   13.11941876
  2.90289193    1.90654906    0.21415666   13.11941876
  2.99182293    1.85473337    0.18774214   13.11941876
  3.07990914    1.80212989    0.16530267   13.11941876
  3.16714212    1.74874657    0.14614850   13.11941876
  3.25351370    1.69459146    0.12972425   13.11941876
  3.33901597    1.63967274    0.11558023   13.11941876
  3.42364134    1.58399870    0.10335028   13.11941876
  3.50738247    1.52757772    0.09273470   13.11941876
  3.59023232    1.47041834    0.08348693   13.11941876
  3.67218410    1.41252916    0.07540313   13.11941876
  3.75323129    1.35391893    0.06831400   13.11941876
  3.83336766    1.29459649    0.06207832   13.11941876
  3.91258723    1.23457079    0.05657775   13.11941876
  3.99088426    1.17385089    0.05171277   13.11941876
  4.06825331    1.11244595    0.04739933   13.11941876
  4.14468916    1.05036523    0.04356622   13.11941876
  4.22018685    0.98761811    0.04015288   13.11941876
  4.29474168    0.92421405    0.03710762   13.11941876
  4.36834917    0.86016262    0.03438625   13.11941876
  4.44100512    0.79547348    0.03195083   13.11941876
  4.51270554    0.73015640    0.02976873   13.11941876
  4.58344667    0.66422123    0.02781183   13.11941876
  4.65322502    0.59767791    0.02605582   13.11941876
  4.72203729    0.53053650    0.02447969   13.11941876
  4.78988043    0.46280711    0.02306524   13.11941876
  4.85675162    0.39449998    0.02179668   13.11941876
  4.92264823    0.32562540    0.02066035   13.11941876
  4.98756788    0.25619378    0.01964441   13.11941876
  5.05150838    0.18621558    0.01873862   13.11941876
  5.11446777    0.11570136    0.01793418   13.11941876
  5.17644430    0.04466177    0.01722354   13.11941876
  5.23743642   -0.02689247    0.01660025   13.11941876
  5.29744276   -0.09895057    0.01605893   13.11941876
  5.35646219   -0.17150166    0.01559511   13.11941876
  5.41449375   -0.24453478    0.01520519   13.11941876
  5.47153669   -0.31803892    0.01488638   13.11941876
  5.52759044   -0.39200299    0.01463669   13.11941876
  5.58265461   -0.46641583    0.01445489   13.11941876
  5.63672901   -0.54126621    0.01434052   13.11941876
  5.68981364   -0.61654282    0.01429388   13.11941876
  5.74190866   -0.69223433    0.01431609   13.11941876
  5.79301440   -0.76832929    0.01440912   13.11941876
  5.84313140   -0.84481624    0.01457587   13.11941876
  5.89226033    2.44443141    0.01482027   13.11941876
  5.94040205    2.36719518    0.01514739   13.11941876
  5.98755759    2.28960176    0.01556362   13.11941876
  6.03372811    2.21166286    0.01607688   13.11941876
  6.07891498    2.13339023    0.01669685   13.11941876
  6.12311967    2.05479570    0.01743535   13.11941876
  6.16634385    1.97589112    0.01830670   13.11941876
  6.20858932    1.89668840    0.01932835   13.11941876
  6.24985803    1.81719948    0.02052145   13.11941876
  6.29015207    1.73743636    0.02191184   13.11941876
  6.32947370    1.65741108    0.02353113   13.11941876
  6.36782527    1.57713572    0.02541821   13.11941876
  6.40520933    1.49662237    0.02762122   13.11941876
  6.44162851    1.41588320    0.03020020   13.11941876
  6.47708560    1.33493039    0.03323053   13.11941876
  6.51158353    1.25377615    0.03680779   13.11941876
  6.54512532    1.17243272    0.04105425   13.11941876
  6.57771416    1.09091239    0.04612807   13.11941876
  6.60935332    1.00922744    0.05223610   13.11941876
  6.64004622    0.92739021    0.05965238   13.11941876
  6.66979639    0.84541305    0.06874493   13.11941876
  6.69860747    0.76330833    0.08001529   13.11941876
  6.72648320    0.68108842    0.09415824   13.11941876
  6.75342747    0.59876575    0.11215313   13.11941876
  6.77944423    0.51635273    0.13540713   13.11941876
  6.80453757    0.43386179    0.16598417   13.11941876
  6.82871167    0.35130539    0.20697990   13.11941876
  6.85197080    0.26869598    0.26314961   13.11941876
  6.87431935    0.18604603    0.34198455   13.11941876
  6.89576180    0.10336800    0.45559424   13.11941876
  6.91630270    0.02067438    0.62404151   13.11941876
  6.93594673   -0.06202236    0.88122490   13.11941876
  6.95469864   -0.14470975    1.28477087   13.11941876
  6.97256326   -0.22737529    1.93000072   13.11941876
  6.98954552   -0.31000653    2.95775831   13.11941876
  7.00565042   -0.39259100    4.50898105   13.11941876
  7.02088305   -0.47511622    6.52978709   13.11941876
  7.03524857   -0.55756975    8.51616004   13.11941876
  7.04875224   -0.63993916    9.80613311   13.11941876
  7.06139936   -0.72221200   10.31381112   13.11941876
  7.07319533   -0.80437586   10.44620570   13.11941876
  7.08414562   -0.88641835   10.52536095    5.29822681
  7.09425574   -0.96832709   10.54953083    5.29822681
  7.10353130   -1.05008972   10.19702524    5.29822681
  7.11197797   -1.13169390    9.08121336    5.29822681
  7.11960145   -1.21312732    7.33275024    5.29822681
  7.12640755   -1.29437768    5.64364976    5.29822681
  7.13240212   -1.37543274    4.52772971    5.29822681
  7.13759104   -1.45628026    4.06302422    5.29822681
  7.14198029   -1.53690803    4.15590172    5.29822681
  7.14557587   -1.61730391    4.72837101    5.29822681
  7.14838385   -1.69745574    5.75170037    5.29822681
  7.15041036   -1.77735145    7.21389525    5.29822681
  7.15166155   -1.85697896    9.05934818    5.29822681
  7.15214364   -1.93632628   11.12408634    5.29822681
  7.15186288   -2.01538143   13.12241554    5.29822681
  7.15082558   -2.09413247   14.74436060    5.29822681
  7.14903809   -2.17256752   15.81591687    5.29822681
  7.14650678   -2.25067476   16.37061298    5.29822681
  7.14323808   -2.32844239   16.57631947    5.29822681
  7.13923846   -2.40585867   16.61563843    5.29822681
  7.13451442   -2.48291194   16.61125289   18.16534905
  7.12907247   -2.55959056   16.60138869   18.16534905
  7.12291920   -2.63588295   16.53628758   18.16534905
  7.11606120   -2.71177762   16.28287981   18.16534905
  7.10850509   -2.78726311   15.65365458   18.16534905
  7.10025754   -2.86232802   14.48817187   18.16534905
  7.09132522   -2.93696103   12.77317081   18.16534905
  7.08171485   -3.01115088   10.70107600   18.16534905
  7.07143316   -3.08488638    8.58001244   18.16534905
  7.06048690   -3.15815640    6.67169956   18.16534905
  7.04888287   -3.23094987    5.10438886   18.16534905
  7.03662786   -3.30325583    3.89025651   18.16534905
  7.02372869   -3.37506336    2.98159001   18.16534905
  7.01019219   -3.44636162    2.31476469   18.16534905
  6.99602524   -3.51713986    1.83196167   18.16534905
  6.98123468   -3.58738739    1.48817546   18.16534905
  6.96582742   -3.65709362    1.25164467   18.16534905
  6.94981036   -3.72624802    1.10241751   18.16534905
  6.93319040   -3.79484017    1.03124492   18.16534905
  6.91597446   -3.86285971    1.03987685   18.16534905
  6.89816949   -3.93029638    1.14366388   18.16534905
  6.87978242   -3.99714001    1.37777233   18.16534905
  6.86082020   -4.06338050    1.80886552   18.16534905
  6.84128980   -4.12900787    2.55291648   18.16534905
  6.82119817   -4.19401221    3.78889795   18.16534905
  6.80055228   -4.25838370    5.71518720   18.16534905
  6.77935911   -4.32211265    8.32182392   18.16534905
  6.75762563   -4.38518943   11.01831271   18.16534905
  6.73535882   -4.44760453   12.86828550   18.16534905
  6.71256565   -4.50934852   13.60448351   18.16534905
  6.68925311   -4.57041209   13.72742818   18.16534905
  6.66542817   -4.63078603   13.71905416    7.56889544
  6.64109780   -4.69046123   13.64010013    7.56889544
  6.61626898   -4.74942867   13.10088503    7.56889544
  6.59094869   -4.80767948   11.53241680    7.56889544
  6.56514388   -4.86520484    8.94817579    7.56889544
  6.53886151   -4.92199609    6.20283324    7.56889544
  6.51210855   -4.97804466    4.04548997    7.56889544
  6.48489194   -5.03334209    2.60485526    7.56889544
  6.45721861   -5.08788003    1.70227255    7.56889544
  6.42909552   -5.14165026    1.14218770    7.56889544
  6.40052956   -5.19464465    0.78928225    7.56889544
  6.37152767   -5.24685523    0.56130141    7.56889544
  6.34209675   -5.29827410    0.40991177    7.56889544
  6.31224369   -5.34889351    0.30662660    7.56889544
  6.28197536   -5.39870582    0.23435286    7.56889544
  6.25129865   -5.44770351    0.18259044    7.56889544
  6.22022041   -5.49587920    0.14472664    7.56889544
  6.18874748   -5.54322561    0.11649400    7.56889544
  6.15688668   -5.58973559    0.09507406    7.56889544
  6.12464485   -5.63540214    0.07856473    7.56889544
  6.09202876   -5.68021835    0.06565647    7.56889544
  6.05904522   -5.72417747    0.05543092    7.56889544
  6.02570097   -5.76727287    0.04723305    7.56889544
  5.99200279   -5.80949804    0.04058830    7.56889544
  5.95795739   -5.85084660    0.03514785    7.56889544
  5.92357149   -5.89131233    0.03065185    7.56889544
  5.88885179   -5.93088911    0.02690434    7.56889544
  5.85380497   -5.96957097    0.02375583    7.56889544
  5.81843768   -6.00735209    0.02109104    7.56889544
  5.78275657   -6.04422674    0.01882018    7.56889544
  5.74676825   -6.08018938    0.01687268    7.56889544
  5.71047932   -6.11523457    0.01519258    7.56889544
  5.67389636   -6.14935703    0.01373512    7.56889544
  5.63702592   -6.18255161    0.01246425    7.56889544
  5.59987453   -6.21481329    0.01135071    7.56889544
  5.56244872   -6.24613722    0.01037060    7.56889544
  5.52475496   -6.27651866    0.00950425    7.56889544
  5.48679972   -6.30595304    0.00873539    7.56889544
  5.44858945   -6.33443590    0.00805048    7.56889544
  5.41013056   -6.36196295    0.00743818    7.56889544
  5.37142946   -6.38853004    0.00688897    7.56889544
  5.33249251   -6.41413316    0.00639480    7.56889544
  5.29332606   -6.43876845    0.00594881    7.56889544
  5.25393644   -6.46243219    0.00554517    7.56889544
  5.21432993   -6.48512080    0.00517889    7.56889544
  5.17451282   -6.50683086    0.00484566    7.56889544
  5.13449136   -6.52755911    0.00454177    7.56889544
  5.09427175   -6.54730241    0.00426400    7.56889544
  5.05386021   -6.56605778    0.00400954    7.56889544
  5.01326290   -6.58382239    0.00377597    7.56889544
  4.97248596   -6.60059356    0.00356114    7.56889544
  4.93153551   -6.61636876    0.00336317    7.56889544
  4.89041765   -6.63114561    0.00318041    7.56889544
  4.84913844   -6.64492188    0.00301140    7.56889544
  4.80770392   -6.65769550    0.00285484    7.56889544
  4.76612010   -6.66946453    0.00270960    7.56889544
  4.72439296   -6.68022719    0.00257464    7.56889544
  4.68252846   -6.68998188    0.00244905    7.56889544
  4.64053254   -6.69872710    0.00233203    7.56889544
  4.59841109   -6.70646155    0.00222283    7.56889544
  4.55616999   -6.71318405    0.00212081    7.56889544
  4.51381509   -6.71889360    0.00202537    7.56889544
  4.47135221   -6.72358933    0.00193598    7.56889544
  4.42878715   -6.72727052    0.00185216    7.56889544
  4.38612567   -6.72993664    0.00177347    7.56889544
  4.34337350   -6.73158727    0.00169952    7.56889544
  4.30053637   -6.73222216    0.00162996    7.56889544
  4.25761996   -6.73184122    0.00156445    7.56889544
  4.21462992   -6.73044451    0.00150270    7.56889544
  4.17157189   -6.72803224    0.00144443    7.56889544
  4.12845146   -6.72460476    0.00138940    7.56889544
  4.08527421   -6.72016261    0.00133739    7.56889544
  4.04204569   -6.71470644    0.00128818    7.56889544
  3.99877142   -6.70823709    0.00124159    7.56889544
  3.95545690   -6.70075552    0.00119744    7.56889544
  3.91210758   -6.69226287    0.00115556    7.56889544
  3.86872892   -6.68276042    0.00111581    7.56889544
  3.82532633   -6.67224961    0.00107806    7.56889544
  3.78190519   -6.66073201    0.00104217    7.56889544
  3.73847087   -6.64820936    0.00100804    7.56889544
  3.69502870   -6.63468357    0.00097554    7.56889544
  3.65158399   -6.62015666    0.00094459    7.56889544
  3.60814202   -6.60463082    0.00091509    7.56889544
  3.56470806   -6.58810841    0.00088695    7.56889544
  3.52128733   -6.57059192    0.00086009    7.56889544
  3.47788505   -6.55208398    0.00083445    7.56889544
  3.43450640   -6.53258739    0.00080994    7.56889544
  3.39115653   -6.51210510    0.00078651    7.56889544
  3.34784058   -6.49064018    0.00076409    7.56889544
  3.30456367   -6.46819589    0.00074263    7.56889544
  3.26133088   -6.44477561    0.00072208    7.56889544
  3.21814727   -6.42038287    0.00070238    7.56889544
  3.17501789   -6.39502135    0.00068350    7.56889544
  3.13194775   -6.36869488    0.00066538    7.56889544
  3.08894185   -6.34140743    0.00064800    7.56889544
  3.04600516   -6.31316313    0.00063130    7.56889544
  3.00314265   -6.28396622    0.00061527    7.56889544
  2.96035923   -6.25382112    0.00059985    7.56889544
  2.91765983   -6.22273238    0.00058503    7.56889544
  2.87504934   -6.19070468    0.00057076    7.56889544
  2.83253263   -6.15774286    0.00055704    7.56889544
  2.79011454   -6.12385189    0.00054382    7.56889544
  2.74779993   -6.08903690    0.00053108    7.56889544
  2.70559361   -6.05330312    0.00051881    7.56889544
  2.66350037   -6.01665595    0.00050698    7.56889544
  2.62152500   -5.97910092    0.00049556    7.56889544
  2.57967227   -5.94064371    0.00048455    7.56889544
  2.53794693   -5.90129010    0.00047392    7.56889544
  2.49635372   -5.86104604    0.00046365    7.56889544
  2.45489736   -5.81991760    0.00045373    7.56889544
  2.41358257   -5.77791100    0.00044414    7.56889544
  2.37241404   -5.73503255    0.00043487    7.56889544
  2.33139646   -5.69128875    0.00042591    7.56889544
  2.29053451   -5.64668618    0.00041723    7.56889544
  2.24983285   -5.60123157    0.00040884    7.56889544
  2.20929614   -5.55493179    0.00040071    7.56889544
  2.16892903   -5.50779383    0.00039284    7.56889544
  2.12873617   -5.45982478    0.00038521    7.56889544
  2.08872218   -5.41103190    0.00037782    7.56889544
  2.04889172   -5.36142255    0.00037065    7.56889544
  2.00924939   -5.31100420    0.00036370    7.56889544
  1.96979983   -5.25978447    0.00035695    7.56889544
  1.93054767   -5.20777109    0.00035041    7.56889544
  1.89149753   -5.15497190    0.00034406    7.56889544
  1.85265404   -5.10139488    0.00033789    7.56889544
  1.81402184   -5.04704810    0.00033190    7.56889544
  1.77560554   -4.99193977    0.00032608    7.56889544
  1.73740981   -4.93607820    0.00032042    7.56889544
  1.69943928   -4.87947182    0.00031492    7.56889544
  1.66169862   -4.82212917    0.00030957    7.56889544
  1.62419250   -4.76405890    0.00030437    7.56889544
  1.58692560   -4.70526979    0.00029931    7.56889544
  1.54990263   -4.64577069    0.00029438    7.56889544
  1.51312830   -4.58557059    0.00028959    7.56889544
  1.47660736   -4.52467856    0.00028492    7.56889544
  1.44034456   -4.46310381    0.00028037    7.56889544
  1.40434468   -4.40085561    0.00027594    7.56889544
  1.36861256   -4.33794336    0.00027162    7.56889544
  1.33315303   -4.27437656    0.00026741    7.56889544
  1.29797096   -4.21016479    0.00026331    7.56889544
  1.26307129   -4.14531775    0.00025931    7.56889544
  1.22845896   -4.07984521    0.00025540    7.56889544
  1.19413898   -4.01375707    0.00025160    7.56889544
  1.16011640   -3.94706328    0.00024788    7.56889544
  1.12639632   -3.87977392    0.00024425    7.56889544
  1.09298391   -3.81189914    0.00024071    7.56889544
  1.05988438   -3.74344918    0.00023725    7.56889544
  1.02710302   -3.67443436    0.00023388    7.56889544
  0.99464520   -3.60486510    0.00023058    7.56889544
  0.96251635   -3.53475191    0.00022735    7.56889544
  0.93072201   -3.46410535    0.00022420    7.56889544
  0.89926778   -3.39293609    0.00022112    7.56889544
  0.86815940   -3.32125487    0.00021811    7.56889544
  0.83740267   -3.24907250    0.00021516    7.56889544
  0.80700355   -3.17639987    0.00021228    7.56889544
  0.77696809   -3.10324796    0.00020946    7.56889544
  0.74730250   -3.02962779    0.00020671    7.56889544
  0.71801314   -2.95555048    0.00020401    7.56889544
  0.68910650   -2.88102720    0.00020136    7.56889544
  0.66058928   -2.80606921    0.00019878    7.56889544
  0.63246835   -2.73068780    0.00019624    7.56889544
  0.60475078   -2.65489436    0.00019376    7.56889544
  0.57744387   -2.57870031    0.00019133    7.56889544
  0.55055516   -2.50211717    0.00018895    7.56889544
  0.52409247   -2.42515648    0.00018662    7.56889544
  0.49806390   -2.34782985    0.00018433    7.56889544
  0.47247785   -2.27014896    0.00018209    7.56889544
  0.44734311   -2.19212553    0.00017989    7.56889544
  0.42266882   -2.11377132    0.00017774    7.56889544
  0.39846457   -2.03509816    0.00017563    7.56889544
  0.37474041   -1.95611793    0.00017355    7.56889544
  0.35150691   -1.87684253    0.00017152    7.56889544
  0.32877525   -1.79728394    0.00016952    7.56889544
  0.30655723   -1.71745415    0.00016757    7.56889544
  0.28486542   -1.63736522    0.00016564    7.56889544
  0.26371321   -1.55702922    0.00016376    7.56889544
  0.24311493   -1.47645828    0.00016191    7.56889544
  0.22308601   -1.39566455    0.00016009    7.56889544
  0.20364311   -1.31466024    0.00015830    7.56889544
  0.18480434   -1.23345755    0.00015655    7.56889544
  0.16658951   -1.15206874    0.00015483    7.56889544
  0.14902041   -1.07050610    0.00015313    7.56889544
  0.13212122   -0.98878193    0.00015147    7.56889544
  0.11591898   -0.90690856    0.00014984    7.56889544
  0.10044430   -0.82489835    0.00014823    7.56889544
  0.08573215   -0.74276366    0.00014665    7.56889544
  0.07182317   -0.66051690    0.00014510    7.56889544
  0.05876534   -0.57817048    0.00014357    7.56889544
  0.04661661   -0.49573681    0.00014207    7.56889544
  0.03544896   -0.41322834    0.00014060    7.56889544
  0.02535527   -0.33065752    0.00013914    7.56889544
  0.01646209   -0.24803681    0.00013772    7.56889544
  0.00895711   -0.16537867    0.00013631    7.56889544
  0.00316547   -0.08269557    0.00013493    7.56889544
 -0.00000000   -0.00000000    0.00013357    7.56889544
